x,y,y2001,y2002,y2003,y2004,y2005,y2006,y2007,y2008,y2009,y2010,y2011,y2012,y2013,y2014,y2015,y2016,y2017,y2018,y2019,y2020,y2021,y2022
0,5,4,0,0,0,0,0,0,0,0,0,0,0,0,0,0,0,0,0,0,0,0,0
0,6,2,5,9,9,9,9,9,9,9,9,9,9,9,9,9,6,6,6,6,5,5,5
0,7,70,108,111,122,122,127,130,132,131,127,129,133,134,127,125,129,131,127,119,121,114,109
0,8,9,225,249,241,239,239,220,220,202,203,191,201,202,199,198,184,200,192,198,182,176,165
0,9,0,11,14,13,13,12,12,13,12,11,11,13,13,13,14,14,14,14,10,15,15,15
0,10,0,11,11,8,11,13,13,14,16,14,17,14,14,14,16,17,18,19,20,20,20,20
0,11,6,13,15,13,14,13,13,13,13,13,13,13,12,12,12,13,13,13,9,15,10,15
0,12,0,1,1,1,1,1,1,1,0,3,3,3,3,2,2,2,2,2,2,5,5,5
0,16,0,0,0,0,0,0,0,0,0,1,1,1,1,1,1,1,1,4,3,10,10,10
0,17,0,2,2,2,2,2,2,2,1,1,1,1,1,2,1,1,1,1,1,5,0,0
0,18,0,8,3,4,3,3,2,3,3,3,2,2,0,0,0,1,0,0,0,0,0,0
0,19,0,0,0,0,0,0,0,0,0,0,0,0,0,1,0,0,1,0,0,0,0,0
0,20,0,1,1,1,1,0,0,0,0,0,0,0,0,0,0,0,0,0,0,0,0,0
0,21,0,0,0,0,0,0,0,0,0,0,4,0,0,0,1,1,1,1,1,5,5,5
0,22,3,5,5,5,5,5,6,5,5,3,3,7,6,7,6,6,5,7,7,10,10,10
0,23,9,43,48,46,38,41,43,41,40,40,40,41,44,47,45,42,38,40,46,43,38,38
0,24,2,113,100,108,116,121,115,118,118,118,113,115,118,118,109,117,117,112,104,108,113,118
0,25,7,7,7,8,8,9,10,14,10,10,12,13,16,16,10,15,16,16,9,15,15,15
0,26,20,7,9,9,10,5,5,5,3,3,2,3,6,6,7,6,6,5,3,5,5,5
0,28,0,15,17,15,15,18,19,18,16,13,15,11,11,11,11,11,11,17,16,18,18,19
1,6,6,0,0,0,0,0,0,0,0,0,0,0,0,0,0,0,0,0,0,0,0,0
1,7,100,2,2,0,0,0,2,0,0,1,1,0,0,0,0,0,0,0,0,0,0,0
1,8,5,6,6,6,6,6,6,6,6,6,6,6,6,5,6,6,5,5,5,5,5,5
1,10,0,0,0,0,0,0,0,0,0,0,0,0,0,0,0,0,0,0,0,5,5,5
1,11,2,0,0,0,0,0,0,0,0,0,0,0,0,0,0,0,0,0,0,0,0,0
1,12,13,7,7,7,7,6,6,6,6,6,6,4,4,4,3,4,2,2,2,5,5,5
1,13,0,1,1,2,2,2,2,1,1,1,2,3,3,3,3,3,3,3,4,5,5,5
1,14,0,3,3,3,4,3,3,4,3,2,2,1,1,1,1,1,3,3,3,10,10,10
1,16,2,0,0,0,0,0,0,0,0,0,0,0,0,0,0,0,0,0,0,0,0,0
1,22,6,0,0,0,0,0,0,0,0,0,0,0,0,0,0,0,0,0,0,0,0,0
1,24,9,0,0,0,0,0,0,0,0,0,0,0,0,0,0,0,0,0,0,0,0,0
1,25,13,0,0,0,0,0,0,0,0,0,0,0,0,0,0,0,0,0,0,0,0,0
1,26,23,0,0,0,0,0,0,0,0,0,0,0,0,0,0,0,0,0,0,0,0,0
1,27,2,0,0,0,0,0,0,0,0,0,0,0,0,0,0,0,0,0,0,0,0,0
2,6,5,0,0,0,0,0,0,0,0,0,0,0,0,0,0,0,0,0,0,0,0,0
2,7,101,0,0,0,0,0,0,0,0,0,0,0,0,0,0,0,0,0,0,0,0,0
2,8,225,0,0,0,0,0,0,0,0,0,0,0,0,0,0,0,0,0,0,0,0,0
2,9,10,0,0,0,0,0,0,0,0,0,0,0,0,0,0,0,0,0,0,0,0,0
2,10,13,0,0,0,0,0,0,0,0,0,0,0,0,0,0,0,0,0,0,0,0,0
2,11,13,0,0,0,0,0,0,0,0,0,0,0,0,0,0,0,0,0,0,0,0,0
2,12,1,0,0,0,0,0,0,0,0,0,0,0,0,0,0,0,0,0,0,0,0,0
2,17,2,0,0,0,0,0,0,0,0,0,0,0,0,0,0,0,0,0,0,0,0,0
2,18,4,0,0,0,0,0,0,0,0,0,0,0,0,0,0,0,0,0,0,0,0,0
2,20,2,0,0,0,0,0,0,0,0,0,0,0,0,0,0,0,0,0,0,0,0,0
2,22,5,0,0,0,0,0,0,0,0,0,0,0,0,0,0,0,0,0,0,0,0,0
2,23,51,0,0,0,0,0,0,0,0,0,0,0,0,0,0,0,0,0,0,0,0,0
2,24,104,0,0,0,0,0,0,0,0,0,0,0,0,0,0,0,0,0,0,0,0,0
2,25,6,0,0,0,0,0,0,0,0,0,0,0,0,0,0,0,0,0,0,0,0,0
2,26,7,0,0,0,0,0,0,0,0,0,0,0,0,0,0,0,0,0,0,0,0,0
2,28,17,0,0,0,0,0,0,0,0,0,0,0,0,0,0,0,0,0,0,0,0,0
2,30,0,15,16,16,20,19,19,19,19,18,16,16,14,18,18,17,16,16,15,12,13,13
3,7,2,0,0,0,0,0,0,0,0,0,0,0,0,0,0,0,0,0,0,0,0,0
3,8,6,0,0,0,0,0,0,0,0,0,0,0,0,0,0,0,0,0,0,0,0,0
3,11,1,0,0,0,0,0,0,0,0,0,0,0,0,0,0,0,0,0,0,0,0,0
3,12,7,0,0,0,0,0,0,0,0,0,0,0,0,0,0,0,0,0,0,0,0,0
3,13,1,0,0,0,0,0,0,0,0,0,0,0,0,0,0,0,0,0,0,0,0,0
3,14,3,0,0,0,0,0,0,0,0,0,0,0,0,0,0,0,0,0,0,0,0,0
3,25,0,7,7,9,9,9,9,10,10,9,9,9,8,8,9,8,8,7,9,10,10,10
3,26,0,142,155,157,153,152,145,137,129,144,142,145,148,139,144,157,162,160,177,176,177,176
3,27,0,465,452,456,471,457,431,457,476,465,462,449,446,452,436,433,423,432,432,433,461,486
3,28,0,469,491,498,490,490,495,491,467,478,476,486,494,490,487,478,472,460,471,475,477,462
3,29,0,513,525,508,498,511,510,520,513,534,532,546,537,551,529,523,531,482,480,476,482,470
3,30,0,349,329,332,355,384,412,432,428,416,428,435,426,427,432,411,423,420,417,429,420,418
3,31,0,61,60,64,70,67,71,69,63,64,65,65,70,77,87,93,91,92,89,92,84,88
4,2,0,1,0,0,0,0,0,0,0,0,0,0,0,0,0,0,0,0,0,0,0,0
4,3,0,0,0,1,1,1,1,1,1,1,1,1,1,3,1,1,1,1,1,5,5,5
4,8,0,1,2,1,1,1,1,0,0,0,0,0,0,0,0,0,0,0,0,0,0,0
4,20,0,0,0,0,0,0,0,0,0,0,0,0,0,0,0,0,2,0,0,0,0,0
4,22,0,7,7,6,5,6,5,6,8,5,8,8,1,1,1,1,1,0,0,0,5,0
4,23,0,115,117,115,115,118,116,124,123,128,140,151,147,140,140,138,146,151,140,152,154,149
4,24,0,282,281,279,310,325,321,331,320,329,352,326,341,338,340,349,343,341,360,361,351,344
4,25,0,389,388,387,393,425,435,451,463,455,471,503,536,529,544,544,549,541,545,532,531,539
4,26,0,274,294,303,317,298,347,432,493,565,607,705,759,765,770,798,780,787,773,771,777,779
4,27,0,214,275,296,310,319,314,347,346,356,358,356,360,369,375,379,371,372,379,377,390,403
4,28,0,618,619,628,626,629,706,760,787,784,794,762,818,810,805,789,797,823,840,824,797,805
4,29,0,61,56,54,54,59,58,59,59,61,61,59,63,60,64,62,67,62,62,60,61,60
4,30,17,49,57,62,80,92,81,77,78,71,77,75,75,74,77,73,70,78,77,76,77,77
4,31,0,7,10,13,13,16,20,21,23,15,19,19,14,13,14,31,33,31,52,79,89,94
5,0,0,7,4,7,7,7,8,8,8,8,8,8,8,8,8,6,6,7,7,10,5,5
5,3,0,3,3,4,3,3,3,3,3,3,3,3,3,3,3,3,2,2,2,5,5,5
5,4,0,5,5,5,5,5,4,4,9,7,8,7,7,7,7,8,10,8,8,5,5,5
5,7,0,0,9,0,0,0,0,0,0,0,0,0,0,0,0,0,0,0,0,0,0,0
5,9,0,1,0,1,2,1,1,1,1,1,1,1,2,1,1,1,1,1,1,5,0,5
5,10,0,0,0,0,0,0,0,0,0,1,1,1,1,1,1,1,1,1,1,5,5,5
5,11,0,40,36,29,36,34,36,35,43,46,49,54,52,50,47,48,48,45,44,47,47,48
5,12,0,52,48,49,53,49,53,50,53,50,46,49,49,53,53,54,61,64,64,70,69,74
5,13,0,34,38,44,39,45,30,38,38,38,39,42,46,48,46,44,51,56,56,57,47,50
5,14,0,3,3,3,3,3,5,7,6,6,5,12,11,11,6,2,2,2,1,5,10,10
5,15,0,1,1,2,0,0,3,1,2,1,1,2,1,3,1,1,1,2,4,10,10,10
5,17,0,5,5,6,6,7,8,8,5,4,4,4,4,4,4,8,9,9,9,5,5,5
5,18,0,4,4,7,7,4,2,2,1,2,2,2,4,4,1,3,6,3,2,10,10,10
5,19,0,0,0,0,0,0,0,0,2,2,2,2,2,2,3,1,1,2,2,5,5,5
5,20,0,0,0,0,0,0,0,0,0,1,1,1,1,2,2,2,2,2,2,5,5,5
5,21,0,2,2,0,0,1,0,0,0,0,0,2,4,6,3,3,3,6,7,10,10,10
5,22,0,0,0,0,0,0,0,0,0,0,1,1,1,1,1,1,1,1,1,10,10,15
5,23,0,0,0,0,0,0,0,0,0,0,0,0,0,0,0,0,0,0,0,0,0,5
5,24,0,155,165,151,144,147,155,158,156,164,171,180,176,171,179,175,180,174,178,177,174,167
5,25,4,189,197,211,212,196,210,227,230,235,244,256,268,274,277,282,287,289,255,248,263,279
5,26,136,494,520,521,512,514,543,594,621,636,621,638,646,662,661,638,635,614,632,618,635,646
5,27,457,567,582,594,593,600,599,588,621,624,632,643,694,801,805,828,834,819,818,833,814,837
5,28,463,494,501,504,492,495,508,586,579,582,576,603,584,574,574,577,589,622,592,585,590,580
5,29,503,131,149,135,143,147,138,129,124,125,123,135,135,135,143,137,140,150,143,141,143,154
5,30,366,15,16,14,14,14,14,14,15,14,15,15,14,13,13,13,14,15,15,13,15,17
5,31,58,0,0,0,0,0,0,0,0,0,0,0,0,0,0,0,0,0,0,0,0,0
6,0,0,4,4,4,4,4,4,4,5,7,2,3,3,4,2,5,5,4,4,10,10,10
6,2,1,1,1,1,1,1,0,0,0,0,0,0,0,0,0,0,0,0,0,0,0,0
6,5,0,2,2,5,5,5,6,6,6,2,2,2,2,2,3,8,8,7,7,5,5,5
6,8,1,0,0,0,0,0,0,0,0,0,0,0,0,0,0,0,0,0,0,0,0,0
6,10,0,0,0,0,3,3,3,3,8,6,5,5,5,5,4,7,8,7,6,5,5,5
6,11,0,57,61,61,60,68,62,53,58,57,62,66,67,58,58,63,60,63,70,83,85,88
6,12,0,38,36,35,34,36,39,42,41,38,41,40,38,39,43,44,47,47,55,55,57,58
6,13,0,34,35,27,31,32,34,35,35,33,40,39,38,41,48,44,47,47,43,43,39,40
6,14,0,22,20,19,19,18,18,19,20,20,19,25,25,23,23,24,23,23,22,22,22,20
6,15,0,2,2,2,2,2,2,0,0,0,0,0,0,0,0,0,0,0,0,0,0,0
6,16,0,1,1,1,1,1,1,1,1,1,1,0,0,0,0,0,0,0,0,0,0,0
6,17,0,0,2,5,5,8,8,8,8,8,4,4,4,4,5,7,7,6,4,10,10,10
6,18,0,1,5,5,2,3,5,6,6,6,7,7,2,2,2,2,5,4,4,5,5,5
6,19,0,0,0,2,2,1,1,1,1,4,4,3,3,3,4,4,4,4,4,15,15,15
6,21,0,6,4,4,4,4,4,4,4,4,6,5,5,5,4,4,2,2,2,5,5,5
6,22,7,3,5,6,7,5,7,7,9,14,15,20,20,18,20,22,19,17,15,24,23,23
6,23,111,1,2,3,2,2,1,1,1,1,0,0,0,1,1,0,2,2,2,5,5,5
6,24,296,11,9,11,13,18,17,17,16,16,18,18,17,18,18,19,20,20,18,20,19,22
6,25,405,48,48,49,50,52,50,49,46,51,48,54,53,53,65,65,65,67,74,76,74,90
6,26,265,134,129,113,124,126,130,118,113,107,110,117,107,114,110,108,115,117,115,115,111,114
6,27,215,772,772,769,752,779,765,768,787,799,779,764,783,795,765,760,741,750,746,741,732,721
6,28,632,856,855,853,888,885,858,832,820,818,815,793,796,786,775,766,764,758,753,729,715,721
6,29,61,543,554,527,543,550,565,571,564,553,555,582,630,634,605,586,584,556,574,558,555,558
6,30,50,99,97,97,140,180,236,283,243,242,240,253,254,268,270,257,246,247,254,242,253,260
6,31,7,254,258,245,239,227,224,231,233,229,223,232,230,224,230,226,226,227,225,219,218,228
7,0,3,0,0,0,3,3,0,0,0,0,0,0,0,0,2,2,2,2,2,5,10,0
7,2,0,1,1,1,1,1,0,2,2,0,2,2,2,2,2,2,2,2,2,5,5,5
7,3,3,0,0,0,0,0,0,0,0,0,0,0,0,0,0,0,0,0,0,0,0,0
7,4,5,0,0,0,0,0,0,0,0,0,0,0,0,0,0,0,0,0,0,0,0,0
7,9,3,5,5,5,5,5,4,4,5,4,3,6,5,5,5,3,3,3,3,10,10,10
7,10,0,0,0,0,0,0,0,2,2,2,2,2,2,2,2,2,2,4,4,5,5,5
7,11,37,9,10,11,9,10,9,10,11,11,13,17,15,12,14,15,16,16,19,24,25,26
7,12,49,0,0,0,0,0,0,0,2,2,3,3,2,1,1,1,1,4,3,5,5,5
7,13,39,2,2,2,2,2,2,2,2,2,1,1,0,3,3,3,3,3,3,5,5,5
7,14,6,18,18,17,18,18,15,14,14,17,17,16,17,17,16,17,16,14,9,11,11,15
7,15,6,3,5,2,1,2,1,4,2,2,3,4,4,7,7,8,6,6,6,5,5,5
7,17,5,0,0,0,0,0,0,0,0,0,0,0,0,0,0,0,0,0,0,0,0,0
7,18,4,0,0,0,0,0,0,0,0,0,0,0,0,0,0,0,0,0,0,0,0,0
7,19,1,0,0,0,0,0,0,0,0,0,0,0,0,0,0,0,0,0,0,0,0,0
7,20,0,6,6,6,6,6,7,7,8,8,8,8,8,7,7,6,5,5,4,10,10,10
7,21,2,10,10,10,10,10,9,9,9,9,9,9,9,7,9,7,7,7,7,10,10,10
7,23,0,7,7,6,6,6,10,10,9,9,10,10,15,16,14,14,14,13,14,10,15,15
7,24,157,33,35,39,38,37,38,41,37,30,32,37,41,30,24,26,27,29,26,28,29,26
7,25,191,9,6,8,8,5,5,6,4,3,10,10,11,12,14,9,8,7,7,10,10,15
7,26,504,1,1,1,1,1,1,1,1,1,1,1,1,1,1,1,1,1,1,5,5,5
7,27,577,10,9,11,10,10,7,10,8,7,7,8,9,9,9,9,9,8,8,5,5,10
7,28,515,113,113,105,112,93,98,99,104,94,101,96,102,109,112,120,110,110,110,110,111,106
7,29,143,87,91,98,88,86,95,89,95,92,104,97,128,134,159,169,165,155,162,165,159,162
7,30,12,289,281,289,297,314,344,328,408,473,499,562,558,552,509,534,542,546,545,537,555,548
7,31,0,292,283,294,299,317,313,329,321,318,325,327,325,341,344,344,347,348,354,359,348,362
8,0,4,2,2,2,2,2,2,2,2,2,2,2,2,2,2,2,2,2,2,5,5,5
8,1,0,10,10,9,12,12,13,13,12,13,13,13,11,12,9,7,7,7,8,5,5,5
8,2,1,7,7,7,7,6,5,6,6,11,9,11,11,11,11,13,13,13,13,15,15,15
8,3,0,7,7,7,7,7,1,1,1,1,1,5,5,5,1,3,3,2,2,5,5,5
8,4,0,7,7,6,5,5,13,12,11,9,13,15,16,12,12,14,13,11,13,16,17,20
8,5,2,0,11,0,0,0,0,0,0,0,0,0,0,0,0,0,0,0,0,0,0,0
8,6,0,5,0,9,8,5,5,4,4,5,3,4,3,4,3,3,1,3,3,5,5,5
8,9,0,6,6,6,5,5,6,7,8,8,5,7,6,9,12,5,5,6,4,5,5,5
8,10,0,10,0,10,11,8,3,3,3,3,5,2,5,6,3,2,6,8,6,5,5,5
8,11,61,5,5,5,5,5,5,5,5,5,5,5,5,5,5,10,4,4,6,10,10,10
8,12,35,3,3,3,3,3,5,5,5,5,5,6,5,5,4,3,3,3,3,10,10,10
8,13,34,0,0,0,0,0,0,0,0,0,0,0,0,0,0,0,0,0,0,0,5,5
8,14,23,1,1,1,2,7,7,5,7,5,7,7,7,7,7,6,6,6,5,5,5,5
8,15,2,9,9,9,8,4,5,5,6,6,5,5,5,5,4,4,1,4,4,10,10,10
8,16,1,0,0,0,0,0,0,0,0,0,0,0,0,0,0,0,0,0,0,0,0,0
8,18,1,0,0,0,0,0,0,0,0,0,0,0,0,0,0,0,0,0,0,0,0,0
8,21,6,6,13,12,12,10,10,9,8,8,8,8,8,9,9,9,9,9,10,10,10,10
8,22,1,11,5,8,8,18,18,18,18,16,17,16,15,15,15,15,16,16,15,15,15,15
8,23,3,11,10,9,7,5,8,7,9,10,15,15,15,14,17,12,13,13,14,15,21,20
8,24,14,16,16,16,17,17,17,20,22,22,18,21,24,22,21,18,17,19,21,22,21,21
8,25,47,0,0,0,0,0,0,0,0,0,0,0,0,0,0,0,0,0,0,0,0,0
8,26,135,6,6,6,6,6,6,6,4,4,4,4,4,4,4,1,1,1,2,5,5,5
8,27,817,11,10,8,9,12,12,16,13,9,7,7,7,7,8,9,8,8,10,15,15,15
8,28,832,9,9,7,7,5,5,2,2,4,2,2,2,0,0,1,2,2,5,10,10,10
8,29,490,14,14,13,13,15,21,22,20,22,18,27,24,26,24,23,25,24,19,15,15,21
8,30,115,16,15,17,17,16,25,23,37,30,24,23,18,14,12,12,16,13,11,15,15,15
8,31,253,6,7,9,9,9,9,9,9,10,10,9,8,8,8,8,8,7,7,15,15,15
9,0,0,10,13,13,18,20,22,25,24,16,17,22,25,26,23,22,22,24,23,22,22,22
9,1,0,28,32,31,32,35,30,26,28,27,28,24,26,32,30,22,22,20,19,26,27,25
9,2,1,3,2,2,2,1,1,1,6,5,2,2,2,2,2,5,5,6,5,5,5,5
9,3,0,6,7,7,7,7,5,4,4,5,4,5,5,3,5,5,6,7,8,5,5,5
9,4,0,2,2,2,2,0,4,3,3,3,3,7,7,7,7,6,6,6,6,5,5,5
9,5,0,2,2,2,2,2,2,4,4,2,4,4,4,4,4,4,4,3,3,10,10,10
9,9,5,0,0,0,0,0,0,0,0,0,0,0,0,0,0,0,0,0,0,0,0,0
9,10,0,19,18,19,19,19,18,18,18,16,15,15,14,15,15,16,16,15,15,15,15,15
9,11,9,10,10,8,8,9,9,9,7,7,8,6,5,5,5,5,5,5,5,10,10,10
9,12,0,29,29,29,32,35,37,38,37,33,37,35,33,32,32,35,37,34,36,38,41,48
9,13,2,11,11,10,10,12,8,7,7,6,10,11,11,12,11,8,17,15,16,18,17,10
9,14,19,10,10,10,10,9,9,12,15,13,11,11,11,10,10,7,6,11,9,10,10,10
9,15,3,0,0,0,0,0,0,0,0,0,0,0,0,0,0,0,0,0,0,0,0,0
9,16,0,4,3,3,3,3,3,2,2,2,2,2,2,2,2,2,2,3,3,0,0,5
9,17,0,2,2,2,2,2,2,2,2,2,2,2,0,0,1,1,1,1,1,5,5,5
9,18,0,8,9,10,10,9,7,6,6,7,9,9,8,8,8,8,8,6,6,10,10,10
9,20,6,5,5,5,5,5,4,4,6,5,5,5,5,5,5,5,5,7,8,10,10,10
9,21,10,4,4,4,4,4,4,4,4,4,4,4,4,4,4,4,4,4,4,5,5,5
9,23,7,1,1,1,1,1,0,2,2,1,2,2,2,2,1,1,4,0,0,5,5,5
9,24,33,0,8,0,0,0,0,0,0,0,0,0,0,2,2,2,2,2,2,5,0,0
9,25,10,3,3,3,3,3,3,3,3,3,2,4,4,4,4,2,2,2,2,5,5,5
9,26,1,20,21,16,18,20,14,16,15,20,18,17,24,19,21,23,21,21,16,19,16,10
9,27,10,16,17,18,18,15,13,12,13,12,12,12,11,11,11,9,10,12,13,10,10,10
9,28,106,0,0,0,0,0,0,0,0,0,0,0,0,0,0,0,0,0,0,0,0,0
9,29,94,0,0,0,0,0,3,2,0,0,0,0,0,0,0,0,0,0,0,0,0,0
9,30,280,12,14,11,11,11,5,6,10,14,14,14,15,14,10,10,10,11,11,15,15,15
9,31,286,0,0,0,0,0,0,0,0,0,0,0,0,0,0,0,0,0,0,0,0,0
10,0,2,0,0,0,2,2,0,2,3,3,3,3,6,6,6,4,6,6,6,5,5,5
10,1,10,4,5,5,5,5,5,4,4,5,5,5,5,5,5,6,6,5,5,10,15,15
10,2,7,0,0,0,0,0,1,2,2,3,4,4,6,8,8,8,6,5,5,10,10,10
10,3,7,0,0,0,0,0,0,0,0,0,0,0,0,0,0,0,0,0,0,0,0,0
10,4,5,0,0,0,0,0,0,0,0,0,0,0,0,0,0,0,0,0,0,0,0,0
10,5,0,6,3,2,2,2,2,5,5,4,4,4,3,4,4,5,7,6,5,5,5,5
10,6,5,0,0,0,0,0,0,0,0,0,0,0,0,0,0,0,0,0,0,0,0,0
10,8,0,3,3,5,5,5,5,5,5,5,7,7,7,7,7,7,5,5,5,10,10,10
10,9,7,42,39,42,45,54,48,52,50,47,49,46,53,56,53,48,48,52,52,52,69,71
10,10,10,7,9,9,8,8,6,7,25,28,29,36,44,39,41,42,46,43,46,44,40,43
10,11,9,10,9,6,6,5,5,6,5,5,5,5,5,5,5,5,5,5,5,5,5,5
10,12,3,790,814,827,804,796,796,781,765,753,752,772,754,765,763,759,764,768,762,763,764,775
10,13,0,131,145,142,134,141,139,131,137,143,151,153,146,135,132,129,132,127,135,144,143,139
10,14,1,6,5,4,7,7,7,7,7,7,7,3,3,3,5,6,5,5,3,5,5,5
10,15,8,6,6,5,4,7,7,6,6,7,7,5,13,15,14,14,14,11,18,13,12,13
10,17,0,8,6,8,8,8,8,8,9,9,9,8,5,5,6,5,4,5,6,10,15,15
10,18,0,8,8,8,8,8,8,8,11,11,9,8,12,11,9,8,7,9,8,10,10,10
10,20,0,16,6,16,15,14,14,16,13,11,11,11,11,11,10,10,10,9,10,10,15,15
10,21,6,0,0,0,0,0,0,0,0,0,0,0,0,0,0,0,0,0,0,0,0,0
10,22,10,2,2,7,7,8,8,8,8,8,8,8,8,8,8,8,8,8,8,5,5,5
10,23,11,0,0,0,0,0,0,0,0,0,0,0,0,0,0,0,0,0,0,0,0,0
10,24,16,13,8,16,14,18,16,31,19,21,21,19,17,15,15,15,15,17,18,10,10,10
10,25,0,18,7,6,8,6,8,7,8,8,12,11,11,10,11,11,11,8,8,10,10,5
10,26,5,3,3,3,3,4,4,8,9,9,10,11,6,7,6,9,10,9,7,10,10,10
10,27,11,4,4,20,4,5,4,5,5,5,6,5,5,5,5,4,5,3,3,5,5,5
10,28,9,10,10,10,10,10,10,10,10,10,10,10,10,9,9,7,6,6,6,10,10,10
10,29,13,0,0,4,0,3,3,4,4,4,5,5,5,5,5,5,5,5,5,5,5,5
10,30,18,7,7,7,7,7,7,10,13,9,9,7,10,9,10,12,10,10,10,10,10,10
10,31,8,0,0,0,0,0,0,0,0,0,0,0,0,0,0,0,0,0,0,0,0,0
11,0,10,10,6,8,5,7,7,7,6,4,4,4,5,5,6,5,4,5,7,10,10,10
11,1,32,6,5,5,5,5,5,5,5,4,6,6,6,6,5,5,5,4,4,10,5,5
11,2,2,1,1,1,1,1,1,1,1,1,1,1,1,1,1,1,1,1,1,5,5,10
11,3,11,42,40,40,45,42,46,46,44,46,42,44,44,43,47,47,50,54,49,45,41,41
11,4,2,0,0,0,0,0,0,0,0,0,0,0,0,0,0,0,0,0,0,0,0,0
11,5,2,0,0,0,0,0,0,0,0,0,0,0,0,0,0,0,0,0,0,0,0,0
11,6,0,5,12,8,7,11,9,9,8,9,3,3,4,4,3,7,7,7,6,10,10,10
11,7,0,4,4,5,7,4,4,4,4,4,4,5,4,4,4,4,3,3,6,5,5,5
11,10,22,6,6,6,6,6,6,6,6,6,6,6,6,6,6,6,6,5,6,5,5,5
11,11,10,281,277,283,268,258,262,256,245,242,252,258,259,256,243,237,245,237,236,234,229,227
11,12,29,514,501,506,511,518,523,516,500,518,505,520,521,504,518,518,512,520,534,519,508,496
11,13,11,50,49,48,46,49,49,51,96,88,94,94,127,216,281,311,354,394,442,538,626,661
11,14,10,1,1,1,1,1,1,17,1,1,1,1,1,1,1,1,1,1,1,10,23,65
11,15,0,6,6,4,4,7,7,7,9,8,8,8,8,8,8,7,7,7,7,10,10,10
11,16,4,6,6,6,5,5,5,4,4,2,5,5,5,6,6,6,6,6,6,5,5,5
11,17,2,0,0,0,0,0,0,0,0,0,0,0,0,0,0,0,0,0,0,0,0,0
11,18,9,0,10,0,0,0,0,0,0,0,0,0,0,0,0,0,0,0,0,0,0,0
11,20,10,4,4,3,3,3,3,2,2,2,2,1,1,1,1,0,0,4,4,5,5,5
11,21,2,6,6,4,1,5,6,7,7,5,6,6,6,6,6,6,7,7,7,10,10,10
11,23,1,13,10,9,6,5,5,6,5,7,5,6,6,6,7,6,8,7,6,10,10,10
11,24,6,8,6,9,8,8,8,6,6,2,4,4,4,4,4,3,7,7,7,5,5,5
11,25,3,8,9,9,9,9,11,13,11,11,12,12,13,15,15,16,16,17,15,18,17,19
11,26,16,2,2,1,1,1,1,1,1,1,1,1,1,1,1,1,1,1,1,5,5,5
11,27,15,0,0,0,0,0,1,2,4,4,2,2,2,2,2,2,1,1,3,5,5,5
11,29,0,36,31,26,29,30,32,32,32,33,33,30,35,35,35,32,35,32,33,38,32,34
11,30,13,5,4,4,7,4,4,2,2,3,6,6,5,6,8,8,9,6,8,10,10,10
12,0,0,4,5,5,4,6,6,10,5,4,4,5,4,5,5,3,3,3,3,5,5,5
12,1,4,6,6,6,6,6,6,5,5,5,5,5,5,5,5,4,3,3,2,5,5,5
12,2,0,4,4,4,4,3,3,3,3,3,3,3,2,2,2,2,2,3,2,5,5,5
12,3,0,0,0,0,0,0,0,0,0,0,0,0,0,0,3,3,3,7,7,5,5,5
12,4,0,1,1,1,1,1,1,1,1,1,1,1,1,1,1,1,1,1,1,5,0,0
12,5,5,0,0,0,0,0,0,0,0,0,0,0,0,0,0,0,0,0,0,0,0,0
12,7,0,8,5,7,6,6,6,6,6,5,6,5,4,4,5,5,5,5,5,10,10,10
12,8,2,0,0,0,0,0,0,0,0,0,0,0,0,0,0,0,0,0,0,0,0,0
12,9,44,0,0,0,0,0,0,0,0,0,0,0,0,0,0,0,0,0,0,0,0,0
12,10,7,0,0,0,0,0,0,0,0,0,0,0,0,0,0,0,0,0,0,0,0,0
12,11,10,378,387,371,374,355,363,357,383,364,360,373,382,384,373,381,374,368,371,370,369,377
12,12,757,41,42,41,37,38,39,43,37,42,42,41,41,40,33,35,34,36,38,38,40,37
12,13,133,0,0,0,0,0,0,0,0,0,0,0,0,0,0,0,0,0,0,0,0,0
12,14,6,6,6,5,5,8,7,5,5,3,11,11,10,7,11,11,10,10,14,10,19,16
12,15,7,3,3,3,3,2,2,5,3,3,1,1,2,1,1,2,2,2,1,5,5,5
12,17,8,10,6,7,7,5,4,4,6,6,6,7,6,7,8,8,8,8,9,5,5,5
12,18,8,5,5,5,5,5,5,4,3,3,3,4,4,4,4,4,4,3,3,5,5,5
12,20,11,3,11,0,0,2,2,3,2,7,6,3,4,7,7,6,4,5,5,15,10,15
12,21,0,2,0,3,3,3,3,4,4,3,4,4,4,4,4,4,4,4,4,5,5,5
12,22,2,0,0,0,0,0,0,0,0,0,0,0,0,0,0,0,0,0,0,0,0,0
12,23,0,2,2,7,7,7,7,7,7,7,7,6,6,6,8,8,9,9,8,10,5,10
12,24,10,0,0,0,0,0,0,0,0,0,0,0,0,0,0,0,0,0,0,0,0,0
12,25,17,7,7,7,9,11,11,13,13,13,9,11,13,8,5,5,5,5,5,10,10,10
12,26,3,69,54,57,55,54,53,50,55,63,72,72,76,74,74,78,76,72,78,79,79,81
12,27,6,10,10,8,10,8,8,7,6,9,8,13,7,10,9,10,15,19,22,21,23,24
12,28,10,0,0,0,0,0,0,0,0,0,0,0,0,0,0,0,0,0,0,0,0,0
12,29,0,9,12,9,8,8,7,4,4,7,9,8,8,9,9,9,9,6,6,10,10,10
12,30,9,2,2,2,2,2,4,3,3,3,3,3,4,3,3,4,5,2,2,5,5,5
12,31,0,18,20,15,17,19,14,16,16,15,13,14,15,14,13,14,13,14,12,15,15,15
13,0,10,10,7,8,8,6,5,3,3,4,4,4,8,13,13,14,16,15,17,15,15,15
13,1,6,6,12,5,5,8,10,6,4,2,4,3,5,2,3,4,5,3,4,5,5,10
13,2,1,6,0,6,6,6,4,4,4,4,4,3,3,7,2,2,2,2,2,5,5,5
13,3,40,3,3,2,2,2,2,2,2,2,2,2,2,2,2,2,2,2,2,5,5,5
13,4,0,9,9,10,11,11,11,9,9,8,7,7,7,11,9,11,10,10,6,10,15,15
13,5,0,23,17,19,21,20,18,19,20,27,27,25,23,26,25,23,27,27,28,28,29,29
13,6,6,11,11,11,11,10,12,11,8,9,8,9,10,8,8,7,8,7,8,10,10,10
13,7,3,0,0,0,0,0,0,0,0,0,0,0,0,0,0,0,0,0,0,0,0,0
13,8,0,1,1,2,3,3,4,4,4,4,4,4,4,4,4,4,4,4,4,5,5,5
13,9,0,2,2,2,2,2,2,2,2,2,2,2,2,4,4,4,4,4,4,10,10,10
13,10,2,0,1,1,2,2,6,6,5,5,6,11,14,12,13,13,13,18,18,15,15,15
13,11,287,18,20,19,26,30,50,59,56,60,59,57,68,58,66,67,64,64,63,63,68,70
13,12,504,90,94,94,92,105,111,111,104,116,110,117,119,120,118,123,163,201,189,200,187,214
13,13,48,75,74,76,76,77,76,67,71,68,66,65,70,69,70,81,79,76,77,74,73,74
13,14,1,13,16,14,14,17,11,11,13,17,17,18,21,20,20,20,17,16,17,19,16,15
13,15,6,0,0,0,0,0,0,0,0,0,0,0,0,0,0,0,0,0,0,0,0,0
13,16,7,0,0,0,0,0,0,0,0,0,0,0,0,0,0,0,0,0,0,0,0,0
13,17,0,6,6,5,4,4,6,4,7,8,9,9,7,6,8,8,8,5,5,5,5,5
13,18,0,8,8,7,7,7,9,9,9,7,7,7,6,6,7,6,6,7,7,5,5,5
13,20,4,5,0,5,5,5,5,6,6,2,3,4,8,9,10,9,9,8,8,5,5,5
13,21,6,0,0,0,0,0,0,0,0,0,0,0,0,0,0,0,0,0,0,0,0,0
13,22,0,5,5,4,4,5,5,4,4,4,4,4,4,5,4,4,4,4,4,5,5,5
13,23,11,12,11,10,10,9,7,8,8,7,10,12,14,7,10,12,7,8,11,17,24,22
13,24,10,0,0,0,0,0,0,0,0,0,0,0,0,0,0,0,0,0,0,0,0,0
13,25,6,0,0,0,0,0,0,0,0,0,0,0,0,0,0,0,0,0,0,0,0,0
13,26,2,13,20,20,17,17,18,18,21,16,14,18,16,16,18,17,20,16,22,30,29,30
13,27,1,0,0,0,0,0,0,0,0,0,0,0,0,0,0,0,0,0,0,0,0,0
13,28,0,7,8,5,6,7,8,9,7,8,8,6,10,9,12,9,6,8,6,10,10,10
13,29,31,0,0,0,0,0,0,0,0,0,0,0,0,0,0,0,0,0,0,0,0,0
13,30,5,0,0,0,0,0,0,0,0,0,0,0,0,0,0,0,0,0,0,0,0,0
13,31,0,13,13,10,10,10,10,11,11,11,11,11,11,10,12,12,12,11,9,5,5,5
14,0,4,52,54,59,53,51,50,54,61,75,72,95,107,112,112,113,158,213,230,268,289,298
14,1,7,8,12,11,10,11,16,22,21,17,17,20,21,20,21,20,23,28,29,24,25,25
14,2,4,5,6,6,4,6,6,7,7,6,8,8,7,9,6,5,4,4,4,5,5,5
14,4,1,2,2,2,2,3,1,1,1,1,3,4,2,3,3,3,4,3,3,10,10,10
14,5,0,87,95,82,91,90,89,88,85,82,88,86,85,92,83,94,95,97,92,90,83,102
14,6,0,12,13,13,14,14,12,15,15,14,14,16,16,45,85,87,78,94,88,88,89,88
14,7,8,19,15,16,16,17,17,17,17,15,16,15,16,18,61,71,63,67,74,73,71,61
14,8,0,12,12,12,12,11,11,10,10,10,10,8,8,8,8,7,12,13,13,15,15,5
14,9,0,2,2,5,2,2,2,4,4,4,5,5,5,5,5,5,5,4,4,5,5,5
14,11,383,5,4,4,11,17,19,17,15,15,13,15,14,16,15,15,15,15,15,19,21,20
14,12,39,2,2,2,2,2,2,2,2,2,2,2,2,2,1,1,1,1,1,5,5,5
14,13,0,24,25,22,24,21,20,21,20,18,26,24,24,25,20,18,21,22,28,27,34,38
14,14,6,9,6,6,5,3,8,8,9,9,9,9,9,9,9,9,7,8,8,5,5,5
14,15,3,4,4,4,4,4,4,4,4,4,4,4,4,4,4,4,4,4,4,5,5,5
14,16,0,0,0,1,1,0,0,0,0,0,0,0,0,2,2,2,2,2,4,5,5,5
14,17,6,7,6,7,7,7,6,6,6,4,4,4,3,3,3,6,8,11,8,5,5,5
14,18,5,6,6,6,6,6,6,4,4,2,2,3,8,5,9,6,12,9,12,10,10,10
14,19,0,10,10,15,8,12,6,4,5,5,13,9,9,8,25,13,8,7,6,10,15,32
14,21,2,10,7,7,7,7,7,8,8,9,14,13,13,14,11,9,8,10,10,5,5,5
14,22,0,8,8,8,8,8,6,5,5,5,5,4,4,3,3,3,4,3,5,5,5,5
14,23,3,0,0,0,0,0,0,0,0,0,0,0,0,0,0,0,0,0,0,0,0,0
14,24,0,0,4,4,4,4,4,3,3,2,2,2,2,2,2,4,4,4,4,5,5,5
14,25,7,11,5,6,6,5,4,5,7,8,9,9,9,14,12,12,12,11,11,16,16,16
14,26,79,11,12,14,15,11,13,14,17,16,15,18,19,23,21,21,20,20,18,19,15,19
14,27,10,3,3,3,3,3,3,3,4,3,2,5,7,8,6,8,17,14,11,10,10,10
14,28,0,21,12,11,10,13,12,12,12,12,12,10,11,10,11,11,11,10,10,10,10,10
14,29,8,1,6,9,3,3,3,3,3,3,4,6,6,7,6,5,5,2,3,10,10,10
14,30,2,5,5,7,6,6,7,6,7,6,8,11,7,6,5,5,5,9,8,10,10,10
14,31,19,6,6,3,10,10,12,12,12,11,8,11,11,11,10,13,10,16,15,15,15,20
15,0,6,42,42,44,46,41,56,68,97,123,138,161,174,187,191,220,242,237,249,245,255,258
15,1,7,51,60,49,54,64,59,54,59,57,59,63,65,77,97,136,149,151,156,162,165,160
15,2,6,21,13,18,19,18,18,17,13,12,14,11,14,12,11,14,14,11,12,20,20,20
15,3,3,0,0,0,0,0,0,0,0,0,0,0,0,0,0,0,0,0,0,0,0,0
15,4,9,6,6,5,9,7,7,7,7,10,11,11,11,11,8,8,8,9,9,10,10,10
15,5,25,9,9,9,9,9,6,7,7,7,11,14,14,13,13,13,13,13,13,10,15,15
15,6,11,4,4,2,3,3,3,3,3,0,0,0,0,0,0,0,0,0,0,0,0,0
15,8,2,0,0,0,0,0,0,0,0,0,0,0,0,0,1,2,2,1,1,5,0,0
15,9,0,9,9,9,9,9,9,9,9,10,11,11,14,2,2,5,5,5,6,10,10,15
15,10,0,11,14,14,13,12,9,9,11,11,9,8,10,14,10,9,10,9,10,11,13,14
15,11,17,1,1,1,1,1,1,2,1,1,4,4,4,4,4,5,5,5,4,0,5,5
15,12,85,2,2,2,1,1,1,1,1,1,2,2,1,1,1,0,0,0,0,0,5,5
15,13,82,6,6,6,9,13,13,16,3,10,7,8,5,6,6,6,7,2,1,10,5,5
15,14,14,62,58,59,55,53,49,57,56,54,50,57,65,59,77,123,144,131,137,142,138,121
15,15,0,167,176,175,175,178,183,189,185,181,169,174,181,178,191,193,193,199,210,201,187,196
15,16,0,281,286,272,277,285,273,282,262,257,278,288,294,289,296,294,294,285,279,295,298,300
15,17,6,146,99,120,121,112,118,136,139,120,137,130,146,135,113,106,98,97,110,96,111,120
15,18,9,15,19,19,17,19,24,23,32,32,31,32,33,31,33,27,26,29,32,37,47,50
15,19,0,19,19,27,27,25,48,52,55,60,54,52,55,56,60,60,65,64,63,62,73,73
15,20,7,0,0,0,0,0,0,0,0,0,0,0,0,0,0,0,0,0,0,0,0,0
15,21,0,3,6,1,3,4,4,7,7,7,4,4,3,3,1,2,2,2,2,5,5,5
15,22,5,7,7,7,7,6,4,4,3,3,3,7,7,5,8,7,5,5,6,5,5,5
15,23,12,0,0,0,0,0,0,0,0,0,0,0,0,0,0,0,0,0,0,0,0,0
15,25,0,0,0,2,1,0,1,0,1,0,0,0,0,0,0,0,0,0,0,0,0,0
15,26,16,19,18,16,15,15,23,22,21,24,19,23,22,21,24,30,30,28,28,24,25,23
15,27,0,22,20,19,21,23,31,43,46,46,43,39,51,51,50,49,54,58,61,63,55,58
15,28,10,2,1,2,2,3,2,2,2,3,3,4,4,6,3,3,2,1,1,5,5,5
15,29,0,11,11,12,18,21,21,22,21,19,18,18,19,18,18,17,17,15,11,10,15,10
15,30,0,3,1,1,4,4,4,4,4,4,4,4,13,14,14,16,15,14,14,10,10,10
15,31,14,16,16,16,20,19,17,18,15,17,22,23,19,20,15,33,34,35,39,48,48,49
16,0,48,7,7,8,6,5,5,5,7,8,8,9,9,9,7,6,6,5,3,5,5,5
16,1,8,17,19,18,19,15,24,25,22,20,17,15,14,14,16,17,19,20,17,21,15,15
16,2,5,0,0,0,0,0,0,0,0,0,0,0,0,0,0,0,0,0,0,0,0,0
16,4,2,0,0,0,0,0,0,0,0,0,0,0,0,0,0,0,0,0,0,0,0,0
16,5,80,25,29,31,31,31,29,25,24,22,25,24,25,29,29,29,34,30,32,31,25,27
16,6,14,0,0,0,0,0,0,0,0,0,0,0,0,0,0,0,0,0,0,0,0,0
16,7,21,0,0,0,0,0,0,0,0,0,0,0,0,0,0,0,0,0,0,0,0,0
16,8,12,0,0,0,0,0,0,0,0,0,0,0,0,0,0,0,0,0,0,0,0,0
16,9,4,15,15,16,15,15,15,15,15,17,16,14,16,14,12,10,10,11,11,15,15,15
16,10,0,2,1,1,1,1,1,1,1,2,2,2,2,2,3,3,3,4,4,5,5,5
16,11,5,3,3,2,2,2,4,4,3,3,3,4,4,4,5,5,5,5,5,5,5,5
16,12,3,25,30,24,43,90,131,173,177,169,168,181,211,229,219,229,235,235,214,208,205,209
16,13,24,248,251,262,264,305,383,396,400,401,417,434,474,478,499,489,489,494,482,482,471,460
16,14,8,140,134,123,133,137,129,167,179,204,255,306,305,327,414,450,493,517,552,560,567,592
16,15,4,82,78,89,85,87,80,79,84,94,111,116,107,114,99,93,90,88,83,87,87,94
16,16,3,423,419,413,401,389,405,394,406,391,405,412,406,418,437,443,447,449,438,448,444,446
16,17,8,156,163,162,161,159,153,155,152,154,151,157,157,152,154,155,146,149,155,170,166,162
16,18,6,3,2,2,4,4,4,5,4,4,4,4,4,4,4,5,5,6,4,5,5,5
16,19,12,0,0,0,0,0,0,0,0,0,0,0,0,0,0,0,0,0,0,0,0,0
16,20,0,6,3,3,4,4,2,2,2,5,5,0,2,2,2,2,2,2,2,5,5,5
16,21,9,5,5,5,5,5,7,7,6,6,7,7,12,13,10,5,5,5,5,5,5,5
16,22,8,0,0,0,0,0,0,0,0,0,0,0,0,0,0,4,4,3,3,5,5,5
16,23,0,6,6,6,4,2,4,1,4,3,2,5,7,8,6,14,6,6,6,5,5,5
16,24,6,10,10,9,9,10,10,15,13,13,15,12,13,12,11,11,10,8,9,15,15,23
16,25,5,64,65,73,75,72,79,75,73,78,82,79,84,88,94,90,93,89,87,85,86,77
16,26,11,51,49,47,46,41,42,39,45,41,45,44,43,43,36,51,58,56,65,76,72,75
16,27,4,6,6,5,9,8,8,7,7,8,5,4,4,9,11,11,8,15,20,21,17,17
16,28,21,16,16,16,17,15,15,15,15,15,15,15,15,20,23,26,26,24,28,25,24,25
16,30,5,13,14,12,13,11,15,14,11,11,13,17,21,21,23,28,20,20,18,10,15,18
16,31,6,14,14,14,11,11,10,14,14,14,14,13,12,12,13,13,13,11,12,10,10,10
17,0,45,4,2,3,3,3,3,4,3,3,3,2,2,2,2,2,2,2,4,10,10,10
17,1,42,0,1,1,1,1,1,1,1,1,1,1,1,1,1,1,2,2,2,5,5,5
17,2,22,0,0,0,0,0,0,0,0,0,0,0,0,0,0,0,0,0,0,0,0,0
17,4,6,0,0,0,0,0,0,0,0,0,0,0,0,0,0,0,0,0,0,0,0,0
17,5,10,2,2,2,2,2,2,2,2,2,2,2,2,2,2,2,2,2,2,5,5,5
17,6,2,0,0,0,0,0,0,0,0,0,0,0,0,0,0,0,0,0,0,0,0,0
17,7,0,2,2,1,1,1,1,1,1,1,1,1,1,1,1,1,1,1,1,5,5,5
17,8,0,1,1,1,1,1,1,0,0,0,0,0,0,0,0,0,0,0,0,0,0,0
17,9,11,0,0,0,0,0,0,0,0,0,0,0,0,0,0,0,0,0,0,0,0,0
17,10,15,16,16,16,17,16,15,15,15,14,14,13,11,10,14,14,14,11,8,10,10,10
17,11,1,0,0,0,0,0,0,0,0,0,0,0,0,0,0,0,1,3,3,5,5,5
17,12,2,5,3,3,3,20,68,127,189,238,283,322,417,436,478,548,622,630,721,786,779,820
17,13,6,628,622,647,644,672,689,707,710,723,722,727,708,725,705,704,717,705,708,735,756,749
17,14,57,326,392,416,428,417,427,433,432,441,446,434,449,455,428,429,440,440,448,457,438,451
17,15,157,16,15,13,11,13,13,13,17,17,16,15,16,10,9,10,12,10,11,10,10,10
17,16,272,0,0,0,0,0,0,0,0,0,0,0,0,0,0,0,0,0,0,0,0,0
17,17,168,0,0,0,0,0,0,0,0,0,0,0,0,0,0,0,0,0,0,0,0,0
17,18,15,3,3,3,4,3,4,3,4,4,3,4,4,5,5,4,4,4,6,5,5,5
17,19,16,0,4,0,0,0,0,0,0,0,0,0,0,6,7,8,8,7,8,5,5,5
17,20,0,4,0,9,8,5,5,5,6,6,6,6,6,0,0,0,0,0,0,0,0,0
17,21,2,0,0,0,0,0,0,0,0,0,0,0,0,0,0,0,0,0,0,0,0,0
17,22,7,4,4,3,4,4,4,2,2,2,2,2,2,2,2,2,2,2,2,5,5,5
17,24,0,9,2,9,9,9,9,8,8,8,10,12,11,14,15,18,20,20,19,20,20,24
17,25,0,0,7,0,0,0,0,0,0,0,0,0,0,0,0,0,0,0,0,0,0,0
17,26,21,23,26,27,32,36,33,32,30,28,29,33,29,34,36,35,39,37,38,38,39,31
17,27,22,158,170,180,169,159,158,160,162,166,154,156,152,160,162,144,165,180,164,166,163,160
17,28,2,108,101,94,99,104,99,92,84,81,87,90,85,76,83,80,84,84,85,86,90,94
17,29,2,7,3,7,0,0,0,0,1,1,1,1,1,1,1,1,1,1,1,5,5,5
17,30,3,2,2,3,2,2,2,2,3,5,7,3,3,3,5,4,4,5,6,10,10,10
17,31,17,0,0,0,0,3,4,4,4,4,4,5,5,5,5,5,5,5,5,5,5,5
18,0,7,0,0,0,0,0,0,0,0,0,0,0,0,0,0,0,0,0,0,0,0,0
18,1,18,5,5,5,5,5,6,5,5,4,3,2,2,2,2,2,3,7,7,15,10,10
18,2,0,9,4,4,6,4,4,4,4,4,4,4,4,5,5,2,5,6,4,10,10,10
18,3,0,12,11,10,12,14,15,15,15,14,12,9,5,5,5,4,6,4,4,5,5,5
18,4,0,9,7,7,8,7,7,7,7,6,7,6,6,6,6,6,6,6,6,10,10,10
18,5,22,12,16,11,10,10,10,11,11,11,11,10,9,10,5,6,8,8,9,15,15,15
18,6,0,9,5,8,9,9,8,8,8,7,6,9,6,6,7,5,5,5,5,10,10,10
18,7,0,5,5,4,3,3,2,2,2,2,3,5,6,6,6,8,10,10,10,10,10,10
18,9,16,11,9,9,8,9,9,12,13,14,12,8,5,5,7,7,8,8,8,10,5,5
18,10,3,0,0,0,0,0,0,0,0,0,0,0,0,0,0,0,0,0,0,0,0,0
18,11,3,0,0,0,0,0,0,0,0,0,0,0,0,0,0,0,0,0,0,0,0,0
18,12,36,6,6,5,5,5,5,5,7,7,7,7,5,10,10,8,10,11,11,10,10,10
18,13,223,40,48,46,44,44,50,49,50,43,41,43,45,43,45,43,40,39,39,34,37,37
18,14,144,33,52,75,70,72,76,84,82,94,91,92,94,96,92,88,88,87,91,101,97,105
18,15,77,4,4,4,4,3,3,3,3,3,3,3,4,3,2,5,5,5,5,5,5,5
18,16,430,9,10,7,7,5,5,5,5,5,7,7,6,5,6,6,6,7,7,5,5,5
18,17,162,0,0,0,0,0,0,0,0,0,0,0,0,0,0,0,0,0,0,0,0,0
18,18,3,5,5,4,5,5,5,4,4,4,4,4,4,2,2,2,2,4,4,5,5,5
18,19,0,0,0,5,5,9,9,9,9,9,9,9,9,11,11,12,16,16,12,10,10,10
18,20,2,1,1,1,1,1,1,1,1,1,1,1,1,1,1,2,2,2,2,5,5,5
18,21,5,0,0,0,0,0,0,0,0,0,0,0,0,0,0,0,0,0,0,0,0,0
18,22,0,17,17,16,12,12,12,13,11,12,12,13,13,13,18,18,16,14,18,15,15,15
18,23,9,7,7,3,4,4,4,4,4,7,8,8,8,8,8,8,10,10,5,5,5,5
18,24,10,7,6,7,7,7,8,7,9,11,10,11,10,12,14,14,17,14,14,15,15,16
18,25,57,0,0,0,0,0,0,0,0,0,0,0,0,0,0,0,0,0,0,0,0,0
18,26,45,0,0,0,0,0,0,0,0,0,0,0,0,0,0,0,0,0,0,0,0,0
18,27,6,8,13,14,25,17,9,20,25,15,26,16,25,37,37,41,36,35,29,40,34,33
18,28,16,5,3,2,4,4,3,7,9,10,9,13,5,8,8,1,3,4,7,5,5,5
18,29,0,0,4,3,3,3,3,5,3,2,5,4,1,2,2,3,3,2,2,5,5,5
18,30,13,4,4,3,2,2,2,2,2,0,1,2,1,3,1,0,0,2,2,5,5,5
18,31,15,5,5,5,7,4,8,9,9,6,10,12,8,9,11,8,7,6,6,15,15,15
19,0,5,3,3,3,3,3,3,3,3,3,3,3,3,2,2,2,2,2,2,5,5,5
19,1,1,1,1,0,1,1,2,2,2,2,2,1,1,1,2,1,1,1,1,5,5,5
19,2,0,6,6,6,6,6,5,4,3,3,3,3,3,4,3,5,4,4,3,10,5,10
19,3,0,6,6,4,6,5,6,6,5,11,10,10,12,12,14,13,13,13,14,5,13,13
19,4,0,8,8,7,7,5,5,3,4,4,4,4,3,5,1,6,6,6,4,5,5,5
19,5,2,21,21,17,18,18,19,3,14,15,15,13,14,15,16,21,16,16,15,17,18,19
19,6,0,5,5,6,5,6,6,1,9,10,8,5,7,6,6,6,8,9,7,15,15,15
19,7,2,5,5,5,5,7,7,7,7,7,6,6,6,5,5,5,6,4,4,10,10,10
19,8,1,3,2,1,0,2,2,3,3,3,3,3,3,3,3,3,3,3,3,5,5,5
19,9,0,13,14,15,15,12,14,14,15,15,14,14,13,13,11,11,12,11,12,10,10,10
19,10,13,0,0,0,0,0,0,0,0,0,0,0,4,4,4,5,6,5,5,5,5,5
19,11,0,1,2,4,4,4,2,3,1,1,3,2,3,5,5,2,2,2,2,5,5,5
19,12,5,1,1,1,1,1,1,1,1,1,1,1,1,1,1,1,1,1,1,5,5,5
19,13,617,0,0,0,0,0,0,0,0,0,0,0,0,0,0,0,0,0,0,0,0,0
19,14,264,4,5,6,5,5,6,7,7,6,6,5,5,6,6,6,6,6,6,10,10,10
19,15,18,6,6,6,6,6,5,4,4,4,4,8,7,4,2,3,1,2,2,5,10,10
19,17,0,1,1,1,1,1,1,1,1,2,2,2,2,2,2,2,3,3,1,5,5,5
19,18,3,9,10,6,7,8,8,8,8,7,6,6,7,7,7,6,6,8,8,10,10,10
19,19,0,3,1,2,2,2,2,2,2,2,2,2,3,2,2,1,1,5,5,10,10,10
19,20,4,0,0,0,0,0,0,0,0,0,0,0,0,0,0,0,0,0,0,0,0,0
19,22,4,13,13,13,13,13,14,14,14,14,14,15,16,18,17,16,16,17,21,20,20,20
19,24,2,10,10,12,12,11,10,11,12,12,13,15,14,15,15,16,14,17,17,33,28,28
19,25,10,52,56,51,42,52,64,69,69,66,67,71,68,65,73,75,73,88,94,108,96,89
19,26,29,237,255,278,340,292,304,389,444,503,561,547,509,472,560,549,530,871,871,855,690,637
19,27,163,19,15,17,5,7,7,0,11,20,17,16,19,15,9,11,17,12,16,16,19,27
19,28,101,35,39,35,25,10,11,8,12,10,9,10,10,10,10,10,10,15,12,15,15,18
19,29,162,0,0,0,0,0,0,0,0,0,0,0,0,0,0,0,0,0,0,0,0,0
19,30,0,7,7,4,11,0,7,8,7,7,2,7,6,9,9,8,9,11,13,12,15,15
20,0,0,10,10,16,19,15,14,14,17,17,17,15,15,16,17,17,16,14,14,10,15,15
20,1,5,6,6,6,6,5,8,6,6,6,6,7,6,6,6,8,6,9,9,10,10,10
20,2,10,0,0,0,0,0,0,0,0,0,0,0,0,0,0,0,0,0,0,0,0,0
20,3,12,0,0,0,0,0,0,0,0,0,0,0,0,0,0,0,0,0,0,0,0,0
20,4,12,0,0,0,0,0,0,0,0,0,0,0,0,0,0,0,0,0,0,0,0,0
20,5,10,0,0,0,0,0,0,0,0,0,0,0,0,0,0,0,0,0,0,0,0,0
20,6,13,6,6,6,6,5,2,2,2,2,2,2,2,2,2,2,2,2,2,5,5,5
20,7,6,0,0,0,0,0,0,3,3,4,4,4,4,4,5,5,5,5,5,5,5,5
20,8,0,7,7,7,9,9,9,10,9,9,9,9,9,10,10,10,9,9,9,10,10,10
20,9,12,6,6,6,8,11,10,18,27,31,42,44,48,57,87,124,150,195,208,202,193,193
20,10,0,8,5,6,6,6,6,10,13,11,11,11,7,16,16,12,11,10,11,10,16,18
20,11,0,2,3,2,3,5,3,3,3,3,6,3,3,3,3,3,6,6,6,5,5,5
20,12,6,0,0,0,0,0,0,0,0,0,0,0,0,0,0,0,0,0,0,0,0,0
20,13,39,0,0,0,0,0,0,0,0,0,0,0,0,0,0,0,0,0,0,0,0,0
20,14,22,14,13,16,11,11,11,11,10,8,7,7,6,9,9,9,10,10,9,15,15,15
20,15,4,5,5,5,5,6,5,6,7,7,10,10,11,6,6,6,6,7,18,17,10,11
20,16,8,10,6,5,8,9,8,9,9,9,9,9,9,8,8,11,9,7,9,5,13,12
20,18,6,20,24,23,24,23,18,19,18,16,19,18,24,22,24,23,21,19,20,23,15,15
20,20,1,0,0,0,0,0,0,0,0,0,0,0,0,0,0,0,0,0,0,0,0,0
20,21,0,5,5,4,4,4,4,4,4,3,4,4,4,4,4,4,3,3,2,5,5,5
20,22,16,2,3,3,0,0,0,0,0,0,0,0,0,0,0,0,0,0,0,0,0,0
20,23,8,0,0,0,0,0,0,0,0,0,0,0,0,0,0,0,0,0,0,0,0,0
20,24,7,1,1,1,1,1,1,1,1,1,1,0,3,3,3,3,3,13,37,52,52,56
20,25,0,135,127,126,123,125,133,130,133,134,139,138,138,141,138,140,148,165,196,212,247,239
20,26,0,1,1,1,1,2,2,5,1,0,0,4,2,5,9,14,15,20,23,25,21,23
20,27,24,150,151,129,134,137,148,146,153,159,172,163,164,157,167,161,166,189,185,193,187,172
20,28,4,120,121,115,104,97,103,108,122,104,105,105,96,93,86,86,95,102,95,98,90,91
20,29,0,11,8,9,10,10,15,18,18,16,17,19,19,21,20,18,18,18,17,23,24,26
20,30,4,8,8,8,21,17,12,13,14,13,12,12,12,11,11,9,11,11,10,10,10,10
20,31,2,5,5,5,5,5,5,5,12,8,6,8,7,7,7,7,8,9,13,10,16,10
21,0,4,12,12,12,11,11,11,11,11,11,11,10,10,10,9,9,9,9,9,10,10,5
21,1,1,11,13,11,11,11,10,9,8,7,7,7,7,7,7,6,6,6,4,5,5,5
21,2,5,11,8,11,11,11,11,11,20,20,19,18,15,12,14,12,12,14,12,10,11,16
21,3,6,1,1,1,1,1,1,0,0,1,1,1,1,1,1,1,1,1,1,5,5,5
21,4,8,0,0,0,0,0,0,0,0,0,0,0,0,0,0,0,0,0,0,0,0,0
21,5,26,0,0,0,0,0,0,0,0,0,0,0,0,0,0,0,0,0,0,0,0,0
21,6,3,11,11,14,15,13,19,17,17,18,20,20,20,17,16,12,13,12,11,15,15,15
21,7,5,14,15,15,16,16,16,15,18,18,16,14,16,18,18,20,17,18,16,20,20,21
21,8,3,0,0,0,0,0,0,0,0,0,0,0,0,0,0,0,0,0,0,0,0,0
21,9,11,0,0,0,0,0,0,0,0,0,0,0,0,0,0,0,0,0,0,0,0,0
21,11,1,0,0,0,0,0,0,0,0,0,0,0,0,0,0,0,0,0,0,0,0,0
21,12,1,6,5,4,4,3,3,3,3,3,6,4,4,4,4,4,4,4,4,5,5,5
21,13,0,3,3,3,3,3,2,3,3,3,5,5,4,5,1,4,4,2,4,5,5,5
21,14,4,0,0,0,0,0,0,0,0,0,0,0,0,0,0,0,0,0,0,0,0,0
21,15,6,0,0,0,0,0,0,0,0,0,0,0,0,0,0,0,0,0,0,0,0,0
21,16,0,5,13,7,5,9,6,5,5,5,5,5,6,5,9,8,11,10,11,15,15,15
21,17,1,10,0,8,7,7,7,7,8,6,6,6,4,4,3,3,3,4,2,5,5,5
21,18,8,0,0,0,0,0,0,0,0,0,0,0,0,0,0,0,0,0,0,0,0,0
21,19,3,6,8,8,9,10,10,10,10,8,9,7,10,11,11,12,10,7,9,10,10,10
21,20,6,5,5,4,4,3,4,5,4,6,6,7,8,9,6,8,9,12,11,10,10,10
21,21,0,12,12,13,13,13,13,15,15,13,13,12,22,15,9,16,17,16,16,15,15,15
21,22,11,15,14,14,16,24,20,26,31,35,30,27,30,33,36,33,34,39,37,38,37,36
21,23,0,77,74,69,64,70,60,60,61,57,60,51,70,68,59,94,105,112,112,116,107,122
21,24,5,498,496,488,445,398,420,434,444,479,539,576,594,614,614,620,639,639,650,665,673,687
21,25,50,344,340,346,340,343,366,373,361,355,360,380,370,379,365,374,375,394,409,410,417,429
21,26,88,331,342,326,332,332,325,327,330,339,342,347,332,340,354,350,361,390,383,367,347,336
21,27,23,464,491,509,502,511,515,529,557,545,518,530,536,516,572,618,619,728,777,748,706,858
21,28,28,164,167,162,173,177,183,174,170,162,169,186,188,189,198,193,196,202,200,197,255,316
21,30,7,6,6,3,3,3,3,1,1,1,2,2,1,1,1,1,1,1,2,5,5,5
21,31,0,6,8,5,4,6,7,8,7,6,7,7,8,8,7,7,10,9,9,10,10,10
22,0,13,3,3,3,1,1,2,1,0,0,0,0,0,0,1,2,2,3,5,5,5,5
22,1,6,0,0,0,0,0,0,0,0,0,0,0,0,0,0,0,0,0,0,0,0,0
22,2,0,9,6,8,9,8,8,9,10,9,9,8,6,13,11,11,12,11,10,15,15,15
22,3,0,6,6,6,6,7,7,8,9,8,7,6,6,6,6,6,5,6,5,5,5,5
22,5,0,5,5,5,4,6,5,5,6,6,6,6,5,1,6,12,12,12,7,5,5,5
22,6,6,13,15,15,15,15,14,14,15,15,15,21,21,20,18,24,26,22,24,22,23,21
22,7,5,18,24,23,23,21,23,23,20,19,25,25,24,22,21,25,26,21,19,15,15,20
22,8,4,12,12,12,11,11,11,10,10,10,13,11,11,11,12,13,13,13,13,15,15,15
22,9,6,3,5,4,4,4,3,3,7,4,4,4,4,4,4,4,4,4,4,5,5,5
22,10,7,8,6,7,6,7,7,7,7,8,8,6,7,8,8,11,11,10,10,10,10,10
22,11,2,0,0,0,0,0,0,0,0,0,0,0,0,0,0,0,0,0,0,0,0,0
22,14,13,0,0,0,0,0,0,0,0,0,0,0,0,0,0,0,0,0,0,0,0,0
22,15,5,8,9,9,9,9,9,9,9,4,4,4,4,4,4,4,4,4,4,5,5,5
22,16,9,6,0,9,7,7,7,6,8,13,10,10,10,10,10,9,8,8,7,10,10,10
22,18,29,0,0,0,0,0,0,0,0,0,0,0,0,0,0,0,0,0,0,0,0,0
22,21,0,7,7,7,7,7,5,5,5,5,5,5,5,5,5,5,4,4,4,10,10,10
22,22,1,7,7,11,9,7,8,11,9,8,9,10,11,11,6,7,6,9,9,11,10,16
22,23,0,212,219,213,206,200,197,204,199,208,192,190,193,192,192,194,190,204,207,205,209,202
22,24,1,240,365,371,449,449,454,481,479,465,474,550,648,698,741,828,896,885,878,887,852,833
22,25,130,76,81,71,78,78,84,74,121,118,116,112,123,138,144,145,152,156,155,140,152,135
22,26,0,103,112,104,114,133,154,184,184,178,192,205,200,263,365,371,365,363,360,359,356,354
22,27,143,226,242,227,236,245,241,257,304,320,324,334,322,324,330,329,359,368,382,366,352,357
22,28,109,122,124,118,121,122,122,110,113,103,99,102,96,96,98,104,107,104,100,98,103,103
22,29,13,0,0,0,0,0,0,0,0,0,0,0,0,0,0,0,0,0,0,0,0,0
22,30,8,0,0,0,0,0,0,0,0,0,0,0,0,0,0,0,4,4,4,5,5,5
22,31,5,5,3,6,4,5,4,6,6,7,6,6,7,7,8,12,9,10,11,10,10,10
23,0,6,0,0,0,0,0,0,0,0,0,3,4,4,2,5,5,5,5,5,5,5,5
23,1,10,5,5,5,5,5,5,5,5,5,5,5,5,5,5,5,4,2,3,5,5,5
23,2,7,8,11,7,9,7,7,7,9,12,13,11,10,9,9,8,10,9,9,5,10,5
23,3,1,2,2,2,3,4,4,4,4,3,4,6,7,8,8,8,7,6,6,5,5,5
23,5,0,4,4,7,7,3,3,4,5,4,5,11,11,5,2,2,2,5,5,10,10,10
23,6,11,0,0,0,0,0,0,0,0,0,0,0,0,0,0,0,0,0,0,0,0,0
23,7,13,12,14,14,14,13,13,12,12,13,13,13,11,12,13,12,12,12,12,18,20,20
23,8,0,27,24,23,24,23,18,16,19,20,16,17,16,12,11,16,18,13,13,20,20,20
23,9,0,4,3,4,4,8,10,10,9,10,10,11,12,7,7,8,8,9,9,10,10,10
23,10,0,2,2,2,2,2,2,2,2,2,1,1,0,4,2,2,4,4,5,5,5,5
23,12,5,0,0,0,0,0,0,0,0,0,0,0,0,0,0,0,0,0,0,0,0,0
23,13,3,0,0,0,0,0,0,0,0,0,0,0,0,0,0,0,0,0,0,0,0,0
23,16,5,0,9,0,0,0,0,0,0,0,0,0,0,0,0,1,2,2,3,5,5,5
23,17,8,0,0,0,0,0,0,0,0,0,0,0,0,0,0,0,0,0,0,0,0,0
23,18,0,1,1,1,1,1,1,1,4,4,4,4,1,1,1,1,1,1,1,5,5,5
23,19,6,0,0,0,0,0,0,0,0,0,0,0,0,0,0,0,0,0,0,0,0,0
23,20,5,0,0,0,0,0,0,0,0,0,0,0,0,0,0,0,0,0,0,0,0,0
23,21,15,0,0,0,0,0,0,0,0,0,0,0,0,0,0,0,0,0,0,0,0,0
23,22,19,15,11,15,12,11,10,10,11,11,12,11,11,15,15,15,15,13,12,11,5,5
23,23,65,113,112,112,121,122,114,115,112,114,112,112,111,109,104,105,110,107,117,117,114,108
23,24,466,647,661,667,669,684,682,662,678,669,667,658,647,636,630,620,609,604,599,581,574,578
23,25,335,2,2,2,3,3,0,9,7,8,8,10,10,7,8,9,10,12,7,10,10,10
23,26,326,263,274,278,276,287,290,289,274,268,286,349,369,371,368,376,370,370,363,369,362,371
23,27,435,405,393,406,416,416,412,396,407,405,403,398,431,448,457,481,476,536,525,545,560,533
23,28,166,542,534,527,525,499,511,542,539,551,557,574,557,576,596,627,642,646,637,647,645,646
23,29,0,59,66,61,38,37,42,48,53,53,53,47,63,62,65,63,63,65,60,60,58,58
23,30,3,2,2,2,2,2,2,2,2,2,2,2,2,2,2,2,0,2,2,5,5,5
23,31,6,57,71,66,63,66,70,74,73,77,78,78,76,72,71,69,67,72,75,90,91,97
24,0,3,0,0,0,0,0,0,0,0,0,0,0,0,0,0,0,0,0,0,0,0,0
24,1,0,2,2,1,2,2,1,1,5,2,0,3,3,1,1,1,1,1,1,5,0,0
24,2,9,9,8,10,7,6,6,8,13,12,10,10,9,11,10,9,10,10,10,10,10,10
24,3,9,0,12,0,0,0,0,0,0,0,0,0,0,0,0,0,0,0,0,0,0,0
24,4,0,5,3,3,3,2,2,2,2,5,5,7,7,7,7,7,6,6,6,10,10,10
24,5,5,6,4,5,5,7,6,6,5,5,5,5,4,3,3,3,3,3,3,5,5,5
24,6,9,12,12,8,8,9,8,7,7,7,7,5,5,5,5,4,6,4,6,10,10,10
24,7,19,0,0,0,0,0,0,0,0,0,0,0,0,0,0,0,0,0,0,0,0,0
24,8,7,3,4,4,4,3,3,3,3,3,3,2,2,2,2,2,2,2,2,5,5,5
24,9,3,0,0,0,0,0,0,0,0,0,0,0,0,0,0,0,0,0,0,0,0,0
24,10,8,2,2,2,2,2,2,2,2,2,2,1,1,1,1,1,5,2,2,5,0,0
24,11,0,12,11,15,14,14,14,13,15,16,18,15,18,20,21,18,17,16,18,15,15,15
24,12,0,1,2,2,2,2,1,1,1,1,1,2,3,3,3,3,1,1,4,5,5,5
24,15,7,3,7,5,3,3,3,2,3,3,1,5,5,7,5,6,6,7,7,5,5,5
24,16,8,10,7,12,10,10,9,11,10,10,10,10,8,8,8,9,9,8,8,10,10,11
24,17,0,9,7,4,4,4,7,7,6,6,8,9,9,7,6,6,8,8,6,10,10,10
24,18,0,2,2,1,0,0,0,0,0,0,0,0,0,0,0,0,1,2,5,5,5,5
24,19,0,4,4,4,4,4,4,4,4,4,4,4,3,3,3,3,3,3,1,5,5,5
24,20,0,4,4,4,4,4,3,3,1,1,1,1,1,5,5,5,5,5,7,10,10,10
24,21,7,0,0,0,0,0,0,0,0,0,0,0,0,0,0,0,0,0,0,0,0,0
24,22,19,0,0,0,0,0,0,0,0,0,0,0,0,0,0,0,0,0,0,0,0,0
24,23,210,4,4,4,4,4,4,4,4,4,5,3,3,3,4,5,6,2,6,5,5,5
24,24,227,3,3,3,0,0,0,0,0,0,0,0,0,0,0,0,0,0,0,0,0,0
24,25,85,4,4,4,2,2,2,2,2,2,2,2,2,2,6,5,5,5,5,5,5,5
24,26,105,444,445,440,434,487,503,507,510,523,518,539,546,542,561,575,574,572,581,579,586,589
24,27,225,153,162,167,162,159,162,161,160,159,166,171,169,170,173,179,169,175,171,165,175,176
24,28,126,122,133,131,140,137,140,144,143,139,142,149,146,147,154,150,150,151,152,145,146,130
24,29,0,96,92,96,114,111,109,107,100,105,101,103,105,102,101,102,103,97,100,94,103,108
24,30,0,15,12,12,14,11,13,12,17,17,22,20,23,22,21,23,28,29,27,20,30,23
24,31,5,30,22,26,28,28,28,39,44,44,39,40,40,37,35,38,40,36,51,51,52,48
25,0,0,8,7,5,7,4,3,4,7,5,6,7,7,8,7,10,11,10,10,10,10,10
25,1,6,14,14,12,14,15,15,16,16,16,17,13,14,13,13,13,13,13,12,12,12,13
25,2,7,14,16,13,11,10,12,11,11,11,11,11,9,11,12,12,12,12,16,15,15,15
25,3,4,4,4,4,4,3,3,2,3,3,3,3,3,2,2,2,2,2,2,5,5,5
25,4,0,13,4,20,21,11,8,11,12,9,9,8,10,8,8,8,8,7,6,10,10,10
25,5,4,0,0,0,0,0,0,0,0,0,0,0,0,0,0,0,0,0,0,0,0,0
25,6,0,1,1,1,1,1,1,1,1,1,1,1,1,1,1,3,3,3,3,5,5,5
25,7,13,0,0,2,2,1,2,1,1,0,1,2,2,2,2,2,2,2,2,5,5,5
25,8,20,8,6,6,6,5,5,9,9,9,9,10,9,8,8,8,8,9,9,15,15,15
25,9,4,3,6,7,7,7,8,7,6,11,10,11,12,11,11,11,10,10,11,15,15,15
25,10,2,0,0,0,0,0,0,0,0,0,0,0,0,0,0,0,0,0,0,0,0,0
25,11,0,7,7,7,7,7,7,6,7,7,8,8,8,6,5,6,7,5,5,5,5,5
25,12,0,4,2,5,2,4,4,4,5,5,4,4,4,4,4,4,4,4,4,10,10,5
25,15,0,42,33,32,27,27,27,34,30,28,25,22,18,18,18,12,13,13,15,15,15,20
25,16,0,0,0,0,0,0,0,1,1,0,0,1,0,0,0,1,1,1,1,5,5,5
25,17,0,5,6,6,5,5,5,0,0,0,0,0,0,0,0,0,0,0,0,0,0,0
25,18,1,0,0,0,0,0,0,5,7,6,3,4,3,3,4,3,3,3,3,5,5,5
25,19,0,2,2,2,2,2,2,2,2,2,2,2,2,2,2,1,1,1,1,5,5,5
25,20,0,8,7,6,5,6,5,5,3,6,6,9,9,9,10,12,11,9,17,21,23,16
25,21,0,68,70,60,64,55,57,59,53,52,52,58,54,54,54,56,52,57,47,53,53,63
25,22,7,0,0,0,0,0,21,44,44,49,57,49,49,46,46,41,41,38,40,38,43,43
25,23,103,365,334,339,344,368,354,342,341,334,323,334,317,305,302,318,310,315,303,292,303,303
25,24,647,0,0,3,5,5,3,2,2,6,5,8,7,7,6,3,7,12,19,22,24,22
25,25,13,199,136,98,95,90,91,98,92,92,94,128,136,129,140,150,143,160,168,172,166,178
25,26,268,97,100,87,85,90,88,92,85,89,89,91,93,91,93,94,91,85,92,102,98,100
25,27,400,0,0,0,0,0,0,0,0,0,0,0,0,0,0,0,3,4,0,0,5,5
25,28,549,8,0,8,8,8,6,6,6,7,6,6,5,3,3,3,3,3,3,5,5,5
25,29,53,4,6,5,6,8,3,4,7,5,4,3,3,4,4,4,3,4,6,5,5,5
25,30,2,3,3,8,7,7,7,7,8,9,8,9,10,8,8,8,8,8,8,10,10,10
25,31,50,14,14,17,17,11,8,8,8,6,6,6,6,8,10,7,9,9,4,10,10,10
26,0,0,29,32,34,35,30,30,29,29,32,25,24,25,26,23,20,21,16,16,15,15,15
26,1,2,29,27,28,31,30,28,30,32,28,29,29,29,32,31,30,29,31,29,32,33,35
26,2,8,157,151,163,167,163,166,165,154,154,152,152,154,162,162,165,167,166,166,163,164,170
26,3,0,80,86,79,85,92,83,83,79,97,102,103,103,100,102,109,112,111,107,110,111,112
26,4,5,12,12,12,12,12,11,11,11,10,10,8,12,11,11,10,9,9,5,10,10,10
26,5,6,6,7,7,7,7,7,7,5,5,5,5,5,5,10,10,11,10,8,5,5,5
26,6,12,0,0,0,0,0,0,0,1,1,1,1,1,0,0,0,0,0,0,0,0,0
26,8,3,0,0,0,0,0,0,0,0,0,0,0,0,0,0,0,0,0,2,5,5,5
26,9,0,0,3,0,0,0,0,0,2,2,2,2,2,2,2,2,2,2,2,5,5,5
26,10,2,5,0,3,3,3,6,6,4,4,4,2,2,2,2,2,3,2,3,5,5,5
26,11,12,0,0,0,0,0,0,0,0,0,0,0,0,0,0,0,0,0,0,0,0,0
26,12,4,1,1,1,2,2,4,3,3,3,3,3,3,3,3,3,3,3,3,5,5,5
26,13,0,31,38,26,31,26,25,29,30,31,31,26,27,27,30,34,32,28,30,33,35,41
26,14,0,0,0,0,0,0,0,0,0,0,0,0,0,0,2,2,2,2,3,5,0,0
26,15,5,0,0,0,0,0,0,0,0,0,0,0,0,0,0,0,0,0,0,0,0,0
26,16,7,8,12,11,13,14,14,12,4,4,0,4,4,5,5,5,5,5,5,5,5,5
26,17,10,1,1,2,2,1,1,1,1,1,2,2,2,2,2,2,2,2,2,5,5,5
26,18,2,0,0,0,0,0,0,0,0,0,0,0,0,0,0,0,0,0,0,0,0,0
26,19,4,7,7,7,7,7,7,7,7,7,7,7,7,7,7,7,6,6,5,10,10,10
26,20,4,14,11,10,12,10,10,10,10,10,10,11,7,7,5,5,5,5,5,10,10,10
26,21,0,75,72,60,71,74,70,78,87,81,83,71,74,70,73,72,71,65,70,68,61,62
26,22,0,19,19,20,18,18,21,18,19,19,18,15,15,17,17,16,17,16,18,22,22,22
26,23,5,190,183,182,195,193,210,210,216,215,228,213,212,217,215,232,225,219,234,240,242,259
26,24,3,16,26,30,22,21,32,33,31,47,74,80,70,67,68,65,62,57,55,55,61,59
26,25,4,0,0,14,24,28,21,40,24,32,28,54,46,68,48,62,40,13,14,14,12,11
26,26,460,0,0,0,0,0,0,2,1,0,2,2,2,2,2,2,2,2,2,5,5,5
26,27,153,0,0,0,0,0,0,0,0,0,0,0,0,0,0,0,0,0,0,0,0,0
26,28,125,0,0,0,0,0,0,0,0,0,0,0,0,0,0,0,0,0,0,0,0,0
26,29,83,0,0,0,0,0,0,0,0,0,0,0,0,0,0,0,0,0,0,0,0,0
26,30,12,9,9,6,6,6,7,7,6,6,3,3,3,2,3,3,3,3,3,5,5,5
26,31,25,0,0,0,0,0,0,0,0,0,0,0,0,0,0,0,0,0,0,0,0,0
27,0,10,17,14,16,17,15,14,13,13,11,10,11,10,10,10,10,10,11,10,10,5,10
27,1,9,5,5,5,5,5,5,5,5,5,7,7,7,7,7,7,7,7,7,5,5,5
27,2,14,44,42,52,46,42,41,42,42,44,46,45,41,46,47,48,47,46,46,48,38,32
27,3,4,142,137,142,128,142,148,141,142,125,127,119,119,123,126,129,136,126,138,140,146,144
27,4,11,12,12,13,13,14,12,12,13,12,14,15,14,11,11,10,10,11,9,10,10,10
27,5,0,11,10,10,10,8,8,8,8,12,11,7,7,6,5,6,5,4,4,10,10,10
27,6,2,2,2,2,2,2,1,1,1,1,1,1,1,1,1,1,1,1,1,0,0,0
27,7,2,0,0,0,0,0,0,0,0,0,0,0,0,0,0,0,0,0,0,0,0,0
27,8,9,0,0,0,0,0,0,0,0,0,0,0,0,0,0,0,0,0,0,0,0,0
27,9,5,0,0,0,0,0,0,0,0,0,0,0,0,0,0,0,0,0,0,0,0,0
27,10,0,6,6,6,6,6,6,7,7,7,6,6,6,8,6,6,6,6,3,5,5,5
27,11,7,0,0,0,0,0,0,0,0,0,0,0,0,0,0,0,0,0,0,0,0,0
27,12,3,0,0,0,0,0,0,0,0,0,0,0,0,0,0,0,0,0,0,0,0,0
27,15,37,0,0,0,0,0,0,0,0,0,0,0,0,0,0,0,0,0,0,0,0,0
27,18,5,10,10,10,10,9,8,12,7,7,7,7,4,4,4,2,2,1,1,5,5,0
27,19,2,21,21,23,16,16,15,15,15,15,15,15,16,16,16,18,17,20,18,21,21,21
27,20,15,22,21,20,27,27,28,29,28,27,33,32,46,64,65,68,71,66,66,66,65,66
27,21,66,5,10,10,10,9,10,10,10,11,11,10,10,10,10,10,10,11,11,10,10,10
27,23,367,4,4,4,4,3,3,3,3,4,4,4,4,4,4,3,3,2,2,5,5,5
27,24,0,0,0,0,0,0,0,0,0,0,0,0,0,0,0,0,6,6,6,5,5,5
27,25,193,6,6,7,7,4,5,5,3,3,4,2,2,5,3,3,3,3,3,5,5,5
27,26,99,6,8,6,6,6,7,7,7,11,10,7,4,4,4,2,3,3,2,5,5,5
27,27,9,2,1,1,1,2,1,1,1,2,2,2,1,0,2,2,2,2,2,5,0,5
27,28,8,3,3,4,4,4,3,5,6,6,6,3,3,6,7,3,6,6,6,5,5,5
27,29,7,7,7,6,7,9,9,7,7,7,7,7,3,3,3,5,5,3,4,10,10,10
27,30,3,7,7,6,6,6,6,6,5,5,6,5,6,6,6,5,6,4,4,10,10,10
27,31,13,11,12,11,18,18,18,18,19,22,14,15,15,17,19,21,20,26,24,20,20,20
28,0,25,24,22,17,18,13,13,18,19,23,23,24,25,23,25,23,25,25,27,27,25,23
28,1,32,12,12,12,12,11,11,12,8,14,8,11,12,10,9,10,7,7,5,10,10,10
28,2,152,0,0,0,0,0,0,0,0,0,0,0,0,0,0,0,0,0,0,0,0,0
28,3,82,0,0,0,0,0,0,0,0,0,0,0,0,3,3,3,3,5,4,5,5,0
28,4,12,12,11,11,10,8,8,7,9,6,6,9,10,11,9,10,10,9,12,12,16,15
28,5,6,9,9,10,8,8,8,6,6,8,11,10,10,8,9,11,11,11,11,11,11,5
28,6,0,9,9,8,8,7,7,7,7,7,8,6,6,8,6,6,6,6,5,10,10,10
28,9,0,0,0,0,0,0,0,0,0,0,0,0,0,0,2,2,2,2,2,5,5,5
28,10,6,0,0,0,0,0,0,0,0,0,0,0,0,0,0,0,0,0,0,0,0,0
28,11,0,5,6,1,3,2,4,4,2,8,13,14,11,12,8,11,10,8,9,10,10,10
28,12,1,3,3,2,3,3,2,2,2,2,2,2,3,2,2,2,2,2,2,5,5,5
28,13,29,0,0,0,0,0,0,0,0,0,0,0,0,0,0,0,0,0,0,0,0,0
28,16,0,0,9,4,4,4,4,4,2,4,4,4,4,4,3,4,3,3,3,5,5,5
28,17,1,11,1,5,7,7,6,5,5,6,6,6,6,6,6,6,6,6,5,10,10,10
28,18,0,10,2,2,3,4,4,4,3,3,3,4,4,6,5,3,3,4,4,5,5,5
28,19,0,15,15,13,11,11,14,11,11,11,11,11,14,13,13,13,11,16,14,10,17,19
28,20,10,46,48,45,44,47,48,51,53,53,49,48,49,49,47,46,45,44,46,46,44,46
28,21,86,17,17,19,20,14,16,14,13,12,10,11,12,11,10,5,5,5,8,10,10,10
28,22,19,0,0,0,0,0,0,0,0,0,0,0,0,0,0,0,0,0,0,0,0,0
28,23,186,0,0,0,0,0,0,0,0,0,0,0,0,0,0,0,0,0,0,0,0,0
28,24,16,8,7,7,10,12,11,11,9,10,9,7,12,11,14,10,13,14,10,10,10,10
28,29,0,1,2,1,0,0,0,0,1,1,1,1,1,1,1,1,1,1,1,5,5,5
28,30,8,0,0,0,0,0,0,0,0,0,0,0,0,0,0,0,0,0,0,0,0,0
28,31,0,5,4,4,5,7,7,5,4,4,3,2,2,3,4,4,5,5,5,5,5,5
29,0,14,10,12,17,18,18,19,17,17,14,14,14,14,12,12,11,10,10,8,10,10,10
29,1,5,0,0,0,0,0,0,0,0,0,0,0,0,0,0,0,0,0,0,0,0,0
29,2,42,4,4,4,4,4,4,4,4,4,4,4,3,3,3,3,3,3,3,5,5,5
29,3,145,0,0,0,0,0,0,0,0,0,0,0,0,0,0,0,0,0,0,0,0,0
29,4,9,0,0,0,0,0,0,0,0,0,0,0,0,0,0,0,0,0,0,0,0,0
29,5,11,27,26,25,27,21,21,23,23,28,31,32,33,35,30,31,29,35,35,36,33,40
29,6,2,13,11,12,14,15,17,18,18,18,16,15,15,16,16,16,14,14,16,15,17,17
29,9,0,3,3,3,3,3,4,7,3,5,7,7,4,2,3,3,4,3,3,5,5,5
29,10,4,0,0,0,0,0,0,0,0,0,0,0,0,0,0,0,0,0,0,0,0,0
29,15,0,10,10,10,10,10,11,10,10,6,6,6,6,9,5,5,5,7,7,5,5,5
29,16,0,0,0,0,0,0,0,0,0,0,0,0,0,0,4,4,6,6,3,5,5,5
29,18,0,0,0,0,0,0,0,0,0,0,0,0,0,0,0,2,2,2,2,5,5,5
29,19,26,0,0,0,0,0,0,0,0,0,0,0,0,0,0,0,0,0,0,0,0,0
29,20,20,0,0,0,0,0,0,0,0,0,0,0,0,0,0,0,0,0,0,0,0,0
29,21,4,0,0,0,3,3,3,3,4,4,4,4,4,4,4,4,4,4,4,5,5,5
29,23,4,2,2,2,2,2,2,2,2,2,2,2,2,2,2,2,2,2,2,5,5,5
29,24,0,5,5,5,5,5,5,5,5,4,3,4,5,5,6,6,6,6,6,10,10,10
29,25,7,1,2,1,4,7,5,6,7,8,4,2,3,2,2,7,5,3,5,5,5,5
29,26,7,3,3,4,4,4,4,5,5,5,5,6,6,6,6,6,4,4,6,5,5,5
29,27,3,12,11,11,12,10,9,8,8,7,7,7,7,7,8,8,8,8,8,10,10,10
29,28,3,9,11,12,12,13,13,15,11,11,12,10,10,7,7,7,6,4,1,5,5,13
29,29,8,2,3,3,0,0,0,0,0,0,0,0,0,0,0,0,0,0,0,0,5,5
29,30,6,0,0,2,4,1,1,0,0,0,1,1,2,1,1,1,2,1,1,0,5,5
29,31,10,5,5,3,3,3,2,2,2,2,2,2,2,2,2,2,0,0,0,0,0,0
30,0,27,0,0,0,0,0,0,0,0,0,0,0,0,0,0,0,0,0,0,0,0,0
30,1,13,5,2,4,5,5,3,2,2,2,5,5,5,5,5,5,3,4,4,5,5,5
30,3,0,6,6,6,6,6,5,5,6,6,7,6,5,5,7,8,5,5,4,5,5,5
30,4,12,5,5,4,5,4,4,6,6,3,3,6,6,7,10,9,9,7,9,10,15,10
30,5,8,6,6,5,5,5,4,5,5,5,8,8,7,9,8,9,7,7,8,10,15,15
30,6,10,2,2,2,2,2,2,2,2,2,2,2,2,2,2,2,2,15,12,16,15,15
30,8,0,0,11,0,0,0,0,0,0,0,7,8,8,8,7,8,9,8,4,5,5,5
30,9,0,2,2,2,2,2,3,5,5,5,6,8,7,6,4,4,4,4,4,10,10,10
30,11,4,5,5,5,5,7,8,5,3,6,6,7,6,6,6,6,6,6,6,10,10,10
30,12,4,0,0,0,0,0,0,0,0,0,0,0,0,0,0,0,0,0,0,0,0,0
30,15,0,13,16,14,8,8,8,7,7,11,11,11,13,13,12,12,12,14,17,15,15,15
30,16,0,4,4,4,5,5,5,5,5,5,5,6,6,0,4,4,4,0,0,0,0,0
30,17,12,4,4,4,2,3,3,3,3,2,2,2,2,8,4,4,4,8,8,10,10,10
30,18,10,5,5,5,5,5,5,5,5,4,4,5,5,4,4,3,3,2,2,5,5,5
30,19,14,0,0,0,0,0,0,0,0,0,0,0,0,0,0,0,0,0,0,0,0,0
30,20,42,0,0,0,0,0,0,0,0,0,0,0,0,0,0,0,0,0,0,0,0,0
30,21,18,0,0,0,0,0,0,0,0,0,0,0,0,0,0,0,0,0,0,0,0,0
30,22,0,15,16,12,12,12,11,11,11,11,9,8,8,13,12,13,12,12,12,15,15,15
30,23,0,5,5,5,4,5,4,3,3,2,2,4,4,6,5,5,5,5,5,10,10,10
30,24,10,0,0,0,0,0,0,0,0,0,0,0,0,0,0,0,0,0,0,0,0,0
30,25,0,14,15,14,15,15,13,14,12,15,27,24,25,28,28,28,26,25,26,26,26,26
30,26,0,4,3,2,3,3,3,3,3,3,3,2,2,1,1,1,1,1,1,5,5,5
30,27,0,10,12,9,8,13,10,12,11,14,9,11,10,7,8,7,7,8,9,5,13,13
30,29,0,61,69,60,59,64,58,57,56,56,56,55,52,53,63,64,61,70,64,53,43,48
30,30,0,46,43,50,48,48,49,47,47,48,49,53,54,46,49,47,66,78,76,77,93,109
30,31,4,5,5,4,4,4,4,3,3,3,3,3,0,3,2,2,1,1,1,5,5,5
31,0,13,0,0,0,0,0,0,0,0,0,0,0,0,0,0,0,0,0,0,0,0,0
31,1,0,7,7,9,8,6,6,6,6,6,6,7,7,7,7,7,7,8,8,10,10,10
31,2,2,0,0,0,0,0,0,0,0,0,0,0,0,0,0,0,0,0,0,0,0,0
31,4,0,4,1,2,2,2,2,2,2,1,1,1,1,0,3,3,3,3,3,5,5,5
31,5,31,4,5,5,3,5,5,5,3,4,4,4,4,4,4,4,3,2,3,5,5,10
31,6,12,9,10,9,10,9,10,8,9,9,9,8,7,7,10,9,9,10,11,10,10,10
31,7,0,2,2,3,3,4,4,4,4,3,3,3,5,6,6,6,6,6,6,5,5,5
31,9,3,0,0,0,0,0,0,0,0,0,2,2,2,2,2,2,2,2,2,5,5,5
31,10,0,14,0,10,12,13,14,14,14,13,6,5,5,5,5,5,5,5,4,5,5,5
31,14,0,10,10,10,10,6,6,5,5,5,4,4,4,4,5,4,4,11,11,10,10,10
31,15,4,1,1,1,1,1,1,1,1,0,0,1,1,1,1,1,1,1,1,5,5,5
31,16,0,4,7,8,7,6,6,1,1,3,4,7,7,9,9,9,10,9,9,5,5,5
31,18,0,8,9,9,7,4,4,5,5,4,4,5,7,6,8,7,7,7,7,5,5,5
31,21,0,5,5,4,3,3,3,3,4,4,4,4,4,4,3,3,3,4,5,10,10,10
31,22,0,6,4,4,4,5,5,4,3,3,3,3,3,2,2,2,1,2,3,5,5,5
31,23,2,6,8,8,7,7,7,7,7,6,6,6,6,5,5,4,4,5,5,10,10,10
31,24,2,0,0,0,0,0,0,0,0,0,0,0,0,0,0,0,0,0,0,0,0,0
31,25,1,0,0,0,0,0,0,0,0,0,0,0,0,0,0,0,0,0,0,0,0,0
31,26,3,2,6,10,7,7,10,10,10,7,6,6,6,6,6,6,6,6,6,10,10,10
31,27,14,31,31,28,28,29,30,32,30,29,31,30,30,28,28,27,25,25,27,32,28,26
31,28,0,5,5,4,4,4,3,5,6,11,15,16,16,11,11,10,11,11,7,5,5,5
31,29,2,13,13,12,12,11,12,11,10,11,12,10,11,11,14,12,13,12,11,10,10,10
31,30,0,40,47,51,60,61,51,53,53,57,48,49,46,50,49,51,58,64,62,58,67,65
31,31,6,8,7,6,6,6,5,5,5,5,5,5,5,5,4,4,4,4,4,10,10,10