x,y,p,m,f,ta
5,43,209,0,0,8393
7,46,108,0,0,3780
7,81,6,0,0,362
8,39,3401,0,0,133291.8
8,40,806,0,0,32600
8,41,4227,0,0,155507.09999999998
8,42,6715,0,0,242603.4
8,43,325,0,0,10812.3
8,44,45,0,0,1572.6
8,49,41,0,0,1915.4
8,71,210,0,0,7658
8,72,383,0,0,15442.2
8,73,321,0,0,15535.800000000001
8,74,18,0,0,855
8,75,55,0,0,2371.5
8,76,537,0,0,23056.9
8,81,35,0,0,1423.8
8,82,55,0,0,1927
8,87,3,0,0,0
9,39,175,0,0,6895.099999999999
9,40,71,0,0,2268.5
9,41,682,0,0,25388.3
9,42,8238,0,0,307338.29999999993
9,43,2664,0,0,97977.29999999999
9,44,4911,0,0,191077.19999999995
9,45,17262,0,0,671330.2
9,46,331,0,0,11261.2
9,47,28,0,0,794.4
9,49,1111,0,0,43049.8
9,50,68,0,0,3529.8
9,51,198,0,0,7866.6
9,52,63,0,0,2047.2
9,53,2070,0,0,73771.6
9,54,829,0,0,28631.600000000002
9,55,72,0,0,2328.8
9,56,96,0,0,3884.6000000000004
9,58,174,0,0,7815.5
9,59,18,0,0,642.2
9,60,9,0,0,523.8
9,61,40,0,0,1922.3999999999999
9,62,197,0,0,7779.5
9,63,550,0,0,20664.5
9,64,689,0,0,25397.7
9,65,766,0,0,27287.6
9,66,1128,0,0,38574.299999999996
9,67,1173,0,0,37357.6
9,68,1159,0,0,41055.5
9,69,1583,0,0,52141.5
9,70,1164,0,0,45795.6
9,71,309,0,0,11247.4
9,72,178,0,0,6938.5
9,73,6,0,0,295.2
9,74,58,0,0,2149.2
9,75,1,0,0,0
9,76,130,0,0,6065.200000000001
9,77,5,0,0,360
9,78,63,0,0,3083.3
9,79,15,0,0,528
9,80,4,0,0,0
9,81,40,0,0,1093.6
9,82,39,0,0,1467.8
9,83,83,0,0,3403.1
9,84,1,0,0,0
9,85,13,0,0,457.6
9,87,225,0,0,9064.6
9,88,15,0,0,487.3
10,27,42,0,0,1525.4
10,28,389,0,0,14560.1
10,29,609,0,0,23899.699999999997
10,30,97,0,0,3459.6000000000004
10,33,2,0,0,0
10,37,525,0,0,21650.2
10,39,44,0,0,1229.5
10,40,74,0,0,2614.9
10,42,142,0,0,5004.299999999999
10,43,1958,0,0,67848.7
10,44,11959,0,0,438925.8000000001
10,45,9609,0,0,354008.80000000005
10,46,575,0,0,18169
10,47,673,0,0,24370.8
10,48,289,0,0,10300.9
10,49,93,0,0,2901.8
10,50,28,0,0,972.4
10,51,14,0,0,401.5
10,52,672,0,0,24082.7
10,53,1542,0,0,58926
10,54,909,0,0,30123.300000000003
10,55,234,0,0,9584.2
10,56,6,0,0,0
10,57,34,0,0,1593.4
10,58,850,0,0,33207.299999999996
10,59,40,0,0,2080.8
10,60,295,0,0,10287
10,61,311,0,0,12272.5
10,62,842,0,0,28826.699999999997
10,63,958,0,0,36198.90000000001
10,64,2337,0,0,80660.7
10,65,1482,0,0,52896.9
10,66,1774,0,0,58592.399999999994
10,67,2208,0,0,73823.70000000001
10,68,631,0,0,22462.2
10,69,119,0,0,4362.4
10,70,766,0,0,28703.6
10,71,454,0,0,17784.399999999998
10,72,116,0,0,4761.7
10,73,444,0,0,17280.199999999997
10,74,832,0,0,33561.9
10,75,803,0,0,31332.699999999997
10,76,938,0,0,38307.59999999999
10,77,7,0,0,476.7
10,78,205,0,0,8602.3
10,79,87,0,0,3688.4
10,80,3,0,0,0
10,82,318,0,0,12359
10,83,18,0,0,532.8
10,84,28,0,0,969
10,85,11,0,0,291
10,87,8,0,0,319.2
10,88,153,0,0,5710.2
11,25,1747,0,0,61016.6
11,26,951,0,0,33800.1
11,27,5084,0,0,160849.8
11,28,5145,0,0,190453.50000000003
11,29,7134,0,0,260023.69999999998
11,30,8082,0,0,280085.2
11,31,1129,0,0,42198.4
11,32,2775,0,0,87243.40000000002
11,33,483,0,0,16847.399999999998
11,34,4861,0,0,173885.7
11,35,266,0,0,10020.9
11,39,20,0,0,1032.5
11,40,559,0,0,21856.300000000003
11,41,144,0,0,4691.2
11,42,802,0,0,26803.799999999996
11,43,222,0,0,8572.5
11,44,461,0,0,16036.7
11,45,4225,0,0,148297.50000000003
11,46,34,0,0,814.4
11,47,338,0,0,11834.5
11,48,1091,0,0,38453
11,49,225,0,0,8293.2
11,50,251,0,0,9976.900000000001
11,51,1436,0,0,52013
11,52,395,0,0,13951.4
11,53,595,0,0,21143.399999999998
11,54,914,0,0,33980.8
11,55,468,0,0,17513.1
11,56,843,0,0,29437.7
11,57,20,0,0,930
11,58,465,0,0,17861.8
11,59,443,0,0,16767.5
11,60,1774,0,0,59471.1
11,61,15,0,0,460.5
11,62,140,0,0,5232.6
11,63,887,0,0,33920.3
11,64,152,0,0,4927.1
11,65,1864,0,0,64387.1
11,66,10659,0,0,368915.1999999999
11,67,3605,0,0,123534.9
11,68,4035,0,0,133038.2
11,69,1077,0,0,37234
11,70,926,0,0,33196
11,71,472,0,0,16876.8
11,72,1367,0,0,55999.5
11,73,604,0,0,23114.600000000006
11,74,228,0,0,8559.599999999999
11,75,344,0,0,12029.799999999997
11,76,893,0,0,34528.5
11,77,33,0,0,1200.6
11,78,83,0,0,3013.9
11,79,16,0,0,308
11,80,11,0,0,303
11,81,12,0,0,399.6
11,82,19,0,0,394.9
11,83,77,0,0,2596.6
11,84,38,0,0,1034
11,85,46,0,0,1787.1
11,93,81,0,0,3365
11,94,1,0,0,0
12,24,317,0,0,11880.4
12,25,1319,0,0,45252.6
12,26,232,0,0,8317.1
12,27,260,0,0,9002.7
12,28,483,0,0,18439.599999999995
12,29,6050,0,0,206453.59999999998
12,30,6058,0,0,197327
12,31,5598,0,0,191802.8
12,32,6201,0,0,196902.40000000005
12,33,7964,0,0,301693.2
12,34,17667,0,0,639767.4
12,35,10473,0,0,365322
12,36,407,0,0,14457.7
12,37,377,0,0,14068.4
12,38,340,0,0,11717
12,41,68,0,0,2405
12,42,140,0,0,4926.1
12,43,231,0,0,8065.8
12,44,447,0,0,15088.8
12,45,933,0,0,28527.5
12,46,219,0,0,8655.8
12,47,228,0,0,8229.7
12,48,124,0,0,5049.1
12,49,679,0,0,24663.9
12,50,268,0,0,11201
12,51,233,0,0,9386.5
12,52,1902,0,0,54162.600000000006
12,53,3012,0,0,107544.49999999999
12,55,289,0,0,9996
12,56,817,0,0,32750.1
12,57,191,0,0,7467.7
12,58,59,0,0,2270.4
12,59,82,0,0,3043.3
12,60,22,0,0,869
12,61,103,0,0,3987.1
12,62,1,0,0,0
12,63,1763,0,0,67164.40000000001
12,64,8231,0,0,296656.7
12,65,17962,0,0,659106.6
12,66,22618,0,0,839757.0999999999
12,67,10382,0,0,372630.2
12,68,4564,0,0,166503.30000000002
12,69,1989,0,0,71246
12,70,1759,0,0,57612.600000000006
12,71,613,0,0,23069.999999999996
12,72,1040,0,0,37477.1
12,73,277,0,0,10525.5
12,74,1114,0,0,39150.7
12,75,326,0,0,14180.399999999998
12,77,154,0,0,4960
12,78,88,0,0,2829.2000000000003
12,79,16,0,0,356.4
12,80,267,0,0,11287.1
12,81,34,0,0,1243.1999999999998
12,82,2,0,0,0
12,83,16,0,0,532.2
12,84,16,0,0,576.5
12,86,34,0,0,1656.6
12,87,43,0,0,2029.8
12,88,103,0,0,4588.4
12,89,1,0,0,0
12,93,43,0,0,1421.2
12,94,107,0,0,4384.7
12,95,11,0,0,474
12,97,5,0,0,192
13,22,118,0,0,4456.6
13,23,774,0,0,27455.9
13,24,678,0,0,25314.2
13,25,49,0,0,1633.3
13,26,80,0,0,2608.7
13,27,124,0,0,4007.3
13,28,773,0,0,27773.899999999998
13,29,1040,0,0,32692.300000000007
13,30,1917,0,0,66577.2
13,31,16418,0,0,551470.6
13,32,30721,0,0,1134103.9000000001
13,33,22760,0,0,815765.8999999999
13,34,59516,0,0,2242445.7
13,35,21681,0,0,757532.3999999999
13,36,994,0,0,33832.6
13,37,1060,0,0,38423.00000000001
13,38,237,0,0,8415.599999999999
13,41,18,0,0,843
13,42,147,0,0,5598.5
13,43,101,0,0,4152.3
13,44,281,0,0,8836.8
13,45,454,0,0,15864.199999999999
13,46,977,0,0,34898.9
13,47,187,0,0,7287.599999999999
13,48,337,0,0,11913.900000000001
13,49,71,0,0,2542.7999999999997
13,50,27,0,0,687.2
13,51,323,0,0,13675.500000000002
13,52,4552,0,0,168033.1
13,53,7418,0,0,281565.7
13,54,128,0,0,5128.3
13,55,11,0,0,656.7
13,56,167,0,0,6344.6
13,57,141,0,0,5470.200000000001
13,58,98,0,0,4193.700000000001
13,59,43,0,0,1038.4
13,61,3355,0,0,111050.6
13,62,1787,0,0,66002
13,63,2287,0,0,88094
13,64,21429,0,0,766413
13,65,39394,0,0,1510635.7999999998
13,66,61977,0,0,2355655.8
13,67,18684,0,0,747266.5000000001
13,68,20588,0,0,821786.4
13,69,5760,0,0,215763.9
13,70,5401,0,0,201457.60000000003
13,71,1454,0,0,54396.7
13,72,521,0,0,19970.7
13,73,459,0,0,16168.200000000003
13,74,671,0,0,27145.999999999996
13,75,63,0,0,2422.8
13,76,18,0,0,549.9
13,77,256,0,0,10676.800000000001
13,78,51,0,0,1569.3
13,79,176,0,0,7131.5
13,80,75,0,0,2734.2
13,81,7,0,0,301.7
13,82,20,0,0,653.4
13,83,7,0,0,0
13,84,2,0,0,0
13,85,64,0,0,2581.4000000000005
13,86,155,0,0,6715.5
13,87,184,0,0,6927.7
13,88,419,0,0,17966.1
13,89,74,0,0,2698.8
13,90,6,0,0,0
13,91,27,0,0,1196
13,92,70,0,0,2753.6
13,93,25,0,0,845
13,94,13,0,0,438.3
13,95,37,0,0,1787.1999999999998
13,96,13,0,0,564
13,97,350,0,0,14112.2
13,98,188,0,0,7221.500000000001
13,99,13,0,0,721.5
14,22,1645,0,0,56081.9
14,23,670,0,0,28147.4
14,24,77,0,0,2534.4
14,25,21,0,0,548.6
14,26,14,0,0,454
14,27,28,0,0,985.4000000000001
14,28,36,0,0,1139.9
14,29,812,0,0,29041.9
14,30,8411,0,0,271456.1
14,31,737,0,0,26198.3
14,32,843,0,0,29950.400000000005
14,33,5034,0,0,169984.2
14,34,71,0,0,3163
14,35,1740,0,0,60265.49999999999
14,36,276,0,0,9414.4
14,37,832,0,0,27337.100000000002
14,38,92,0,0,3747.1
14,42,155,0,0,4781.9
14,43,51,0,0,2219.8
14,44,99,0,0,3237.8999999999996
14,45,11,0,0,389.9
14,46,127,0,0,4962.2
14,47,260,0,0,8836.999999999998
14,48,76,0,0,2832.8
14,49,89,0,0,2836
14,50,326,0,0,13501.1
14,51,1,0,0,0
14,53,191,0,0,8028.799999999999
14,54,256,0,0,9626.5
14,55,65,0,0,1600.7
14,56,119,0,0,4718.400000000001
14,57,346,0,0,13987.4
14,58,850,0,0,36295.2
14,59,64,0,0,2760.6
14,61,3683,0,0,125977.4
14,62,5424,0,0,211575.9
14,63,1857,0,0,70438.7
14,64,1280,0,0,51022.4
14,65,4631,0,0,154321.9
14,66,4198,0,0,166223.4
14,67,269,0,0,10379.7
14,68,11190,0,0,395126.6999999999
14,69,2087,0,0,71113.29999999999
14,70,1010,0,0,35980.399999999994
14,71,555,0,0,18732.7
14,72,541,0,0,21624.7
14,73,358,0,0,13603.5
14,74,230,0,0,10062.400000000001
14,75,154,0,0,5667.6
14,76,255,0,0,10193.5
14,77,94,0,0,4087
14,78,26,0,0,812.4
14,79,53,0,0,2126.4
14,80,115,0,0,4439.2
14,81,17,0,0,717
14,82,49,0,0,1846.5
14,83,21,0,0,1005
14,84,38,0,0,1404.1
14,85,212,0,0,10062.199999999999
14,86,28,0,0,1026.6
14,87,299,0,0,13453.499999999998
14,88,657,0,0,29313.7
14,89,26,0,0,507.6
14,90,63,0,0,2790.7
14,91,24,0,0,822.1
14,93,6253,0,0,225112.40000000002
14,94,1906,0,0,72605
14,95,22,0,0,309.4
14,96,47,0,0,1389.5
14,97,6,0,0,232.8
14,98,69,0,0,2726.6
14,99,685,0,0,28863.1
15,21,250,0,0,9473.2
15,22,7332,0,0,280771.5
15,23,2366,0,0,88807.3
15,24,297,0,0,10709.6
15,25,100,0,0,3598.3999999999996
15,26,103,0,0,3656.6000000000004
15,27,87,0,0,2771.8999999999996
15,28,73,0,0,2395.8999999999996
15,29,130,0,0,5183.8
15,30,120,0,0,4422.9
15,31,177,0,0,6701.800000000001
15,32,211,0,0,7333.800000000001
15,33,1477,0,0,49221.00000000001
15,34,42,0,0,1710.4
15,35,3,0,0,0
15,36,410,0,0,15736.8
15,37,172,0,0,5861.900000000001
15,38,946,0,0,37461.7
15,39,569,0,0,21682.9
15,40,251,0,0,9653.9
15,41,49,0,0,2505.1
15,42,79,0,0,2933.3
15,43,185,0,0,7983.999999999999
15,44,12,0,0,284
15,45,312,0,0,11601.300000000001
15,46,382,0,0,16983.7
15,47,241,0,0,8860.6
15,48,680,0,0,24692.5
15,49,30,0,0,1021.2
15,50,104,0,0,4276.7
15,51,109,0,0,4924.299999999999
15,52,274,0,0,10852.4
15,53,665,0,0,25913.899999999998
15,54,17,0,0,352.3
15,55,30,0,0,970.5
15,56,199,0,0,7826.4
15,57,23,0,0,640.9
15,58,222,0,0,9290
15,59,54,0,0,1888.3
15,60,3,0,0,0
15,61,314,0,0,12379
15,62,467,0,0,15412.6
15,63,151,0,0,5527.2
15,64,180,0,0,6725.900000000001
15,65,218,0,0,8257.3
15,66,2772,0,0,99598.50000000001
15,67,6272,0,0,251994.20000000004
15,68,1830,0,0,69614.6
15,69,2158,0,0,84123.29999999997
15,70,709,0,0,29038.000000000004
15,71,759,0,0,29914.999999999996
15,72,275,0,0,9828.099999999999
15,73,182,0,0,7332
15,74,114,0,0,5456.4
15,75,31,0,0,1487.7
15,76,160,0,0,6243.5
15,77,22,0,0,609.9
15,78,13,0,0,680.4
15,79,2,0,0,0
15,80,40,0,0,1682.8
15,81,41,0,0,1551.6
15,82,27,0,0,1356.3
15,83,47,0,0,1578.8
15,84,223,0,0,8055.4
15,85,98,0,0,4027.1
15,86,49,0,0,1741.5
15,87,118,0,0,4581
15,88,362,0,0,15866.3
15,89,61,0,0,2610.4
15,90,72,0,0,2562.2999999999997
15,91,67,0,0,2442.5
15,92,99,0,0,3926.5
15,93,1044,0,0,35637.799999999996
15,94,60,0,0,1698.4
15,96,32,0,0,1256.3000000000002
15,97,11,0,0,276
15,99,156,0,0,6431.8
15,100,32,0,0,1360.2
15,101,260,0,0,10714.2
15,102,22,0,0,919.6
15,103,19,0,0,1038
16,20,39,0,0,1226.7
16,21,9,0,0,0
16,22,40,0,0,1158.6
16,23,16,0,0,116
16,24,340,0,0,12212.6
16,25,566,0,0,19878.6
16,26,987,0,0,34970
16,27,54,0,0,1784.3
16,28,75,0,0,2967.9
16,29,45,0,0,1274.5
16,30,122,0,0,4445.3
16,31,902,0,0,30820.600000000002
16,32,559,0,0,19982.100000000002
16,33,228,0,0,7764.4
16,34,157,0,0,6325.1
16,35,881,0,0,33058.7
16,36,2742,0,0,94717.6
16,37,373,0,0,14939.100000000002
16,38,325,0,0,12022.7
16,39,111,0,0,4080.5
16,40,119,0,0,4881.7
16,41,23,0,0,913.6
16,42,276,0,0,11914.600000000002
16,43,85,0,0,3371.3
16,44,6,0,0,220.2
16,45,5,0,0,220
16,46,273,0,0,9617.2
16,47,622,0,0,26521.800000000003
16,48,1509,0,0,56948.200000000004
16,49,205,0,0,7892.3
16,50,87,0,0,2850.2
16,51,60,0,0,2542.3999999999996
16,52,739,0,0,29198.4
16,53,1999,0,0,73704.1
16,54,2893,0,0,112256.8
16,55,47,0,0,1937.5
16,57,211,0,0,9613.9
16,58,94,0,0,2977.7999999999997
16,59,170,0,0,6607.3
16,60,35,0,0,1607.1
16,61,465,0,0,18342.9
16,62,411,0,0,14995.2
16,63,309,0,0,11021.9
16,64,137,0,0,4630.2
16,65,83,0,0,3335.6
16,67,379,0,0,14994.199999999997
16,68,467,0,0,16841.3
16,69,1022,0,0,35878.49999999999
16,70,296,0,0,12407.3
16,71,695,0,0,26378.600000000002
16,72,19,0,0,845
16,73,1,0,0,0
16,77,50,0,0,1859.4
16,78,19,0,0,886.2
16,79,28,0,0,797.7
16,80,91,0,0,3882.5
16,81,16,0,0,716
16,82,35,0,0,1340.1
16,83,400,0,0,14855.2
16,84,172,0,0,6444.4
16,85,61,0,0,2047
16,86,60,0,0,1777.2
16,87,334,0,0,8835.699999999999
16,88,110,0,0,4077.7000000000003
16,89,10,0,0,502
16,90,94,0,0,3823.3000000000006
16,91,156,0,0,6938.8
16,92,4,0,0,0
16,93,105,0,0,3585.5999999999995
16,94,36,0,0,1373.8
16,96,148,0,0,6344.799999999999
16,97,38,0,0,1540.6
16,98,47,0,0,2237
16,99,54,0,0,2668.1
16,100,490,0,0,18332.1
16,101,2934,0,0,118218.49999999999
16,102,871,0,0,34883.2
16,103,131,0,0,4977.1
17,19,175,0,0,7320
17,20,111,0,0,3988.9999999999995
17,21,2,0,0,0
17,22,8,0,0,206
17,23,19,0,0,270.4
17,24,311,0,0,11709.2
17,25,27,0,0,867.9
17,26,47,0,0,1818.2
17,27,117,0,0,4206.5
17,28,18,0,0,783
17,30,8,0,0,302.4
17,31,27,0,0,728.4
17,32,542,0,0,20566.800000000003
17,33,65,0,0,2247
17,34,135,0,0,4967.400000000001
17,35,5750,0,0,206921.99999999997
17,36,330,0,0,12628.8
17,37,395,0,0,14839
17,38,139,0,0,4466.1
17,39,93,0,0,3061.0000000000005
17,40,43,0,0,1722.8
17,41,79,0,0,3491.4
17,42,61,0,0,2302.8
17,43,64,0,0,2666
17,44,19,0,0,363
17,45,132,0,0,4461.3
17,46,645,0,0,24625.300000000003
17,47,90,0,0,3193.6
17,48,85,0,0,3544.7999999999997
17,49,632,0,0,25402.699999999997
17,50,103,0,0,3841.9
17,51,142,0,0,5589.200000000001
17,52,250,0,0,9462.2
17,53,334,0,0,12961.099999999999
17,55,716,0,0,27693.2
17,56,5,0,0,181
17,57,345,0,0,14097.3
17,58,32,0,0,766.8
17,59,119,0,0,5568.8
17,60,220,0,0,9381.5
17,61,232,0,0,9992.9
17,62,645,0,0,25906.4
17,63,358,0,0,13180.3
17,64,105,0,0,3701.2
17,65,200,0,0,8653.9
17,66,246,0,0,10292
17,67,303,0,0,11763.8
17,68,281,0,0,11050.800000000001
17,69,24,0,0,942.7
17,71,135,0,0,5799.1
17,72,12,0,0,481
17,73,56,0,0,1888.3000000000002
17,74,2,0,0,0
17,76,60,0,0,2326.9
17,77,250,0,0,9244.9
17,78,51,0,0,2020.6
17,79,9,0,0,362.7
17,80,234,0,0,8413
17,81,55,0,0,2209.2999999999997
17,82,165,0,0,7596.6
17,83,105,0,0,4283.700000000001
17,84,2,0,0,0
17,85,40,0,0,1398.6
17,86,10,0,0,182
17,87,368,0,0,14561.599999999999
17,88,1013,0,0,41167
17,89,1,0,0,0
17,90,90,0,0,2690.4
17,91,109,0,0,4435.8
17,92,92,0,0,4077.5000000000005
17,93,97,0,0,3157.7
17,94,5,0,0,0
17,97,1197,0,0,48724.6
17,98,3,0,0,0
17,99,28,0,0,1118.4
17,100,272,0,0,9928.800000000001
17,101,264,0,0,10168.1
17,102,379,0,0,15847.3
17,104,3,0,0,0
17,105,28,0,0,1476.3
17,106,150,0,0,5640.1
18,19,1193,0,0,45837.9
18,20,1372,0,0,54061.99999999999
18,21,65,0,0,2004.8
18,22,67,0,0,2116.4
18,23,55,0,0,2033.1000000000001
18,24,95,0,0,2957.6
18,25,16,0,0,307
18,26,5,0,0,282
18,27,23,0,0,871.7
18,28,48,0,0,1824.3
18,29,38,0,0,1333.8
18,30,95,0,0,3815.3999999999996
18,31,194,0,0,7166.900000000001
18,32,194,0,0,5785.400000000001
18,33,19,0,0,550.2
18,35,26,0,0,940.4
18,36,2,0,0,0
18,37,60,0,0,2321.6
18,38,347,0,0,12274.9
18,39,281,0,0,10223.1
18,40,42,0,0,1558.5
18,41,15,0,0,159
18,42,218,0,0,9541.8
18,43,83,0,0,2763.8
18,44,134,0,0,4839.3
18,45,130,0,0,5396.700000000001
18,46,96,0,0,4191.5
18,47,25,0,0,983.8
18,49,1310,0,0,52279.899999999994
18,50,350,0,0,11816.1
18,51,677,0,0,30184.7
18,52,140,0,0,5968.3
18,54,19,0,0,674.5
18,55,592,0,0,22794.800000000003
18,56,263,0,0,9753.6
18,57,65,0,0,2303.2000000000003
18,58,135,0,0,5834.999999999999
18,59,9,0,0,556.2
18,61,47,0,0,2213.5
18,62,301,0,0,10615.5
18,63,42,0,0,1123.9
18,65,499,0,0,19450.1
18,66,1172,0,0,44980
18,67,147,0,0,6660.5
18,68,1017,0,0,40464.7
18,69,814,0,0,32155
18,70,13,0,0,342
18,71,4,0,0,0
18,72,69,0,0,2237
18,73,66,0,0,2387.7999999999997
18,74,9,0,0,190
18,75,12,0,0,232.2
18,76,3,0,0,0
18,77,28,0,0,1025.4
18,81,74,0,0,2619.4
18,82,96,0,0,3764
18,83,86,0,0,2831.9
18,84,2,0,0,0
18,85,75,0,0,2587.5
18,86,6,0,0,394.8
18,87,73,0,0,2664.3
18,88,79,0,0,3003
18,89,38,0,0,1606.3
18,90,191,0,0,6745.299999999999
18,91,76,0,0,2857.4
18,92,200,0,0,6731.799999999999
18,93,303,0,0,12200
18,94,41,0,0,1454
18,99,173,0,0,7256.099999999999
18,100,7,0,0,426.3
18,101,141,0,0,5386.9
18,102,100,0,0,3262
18,103,15,0,0,794.4
18,104,30,0,0,1467
18,105,12,0,0,331.2
18,106,65,0,0,2888.3
18,107,5,0,0,279
19,18,227,0,0,9484.1
19,20,39,0,0,1640
19,21,82,0,0,2599.5
19,22,70,0,0,2670.8
19,23,124,0,0,4730.2
19,24,180,0,0,6521.1
19,25,8,0,0,373.8
19,27,18,0,0,709.2
19,28,2,0,0,0
19,29,69,0,0,2556
19,30,416,0,0,12854.699999999999
19,31,68,0,0,2716.2
19,32,54,0,0,2130.6
19,34,6,0,0,202.2
19,36,1,0,0,0
19,37,84,0,0,3083.9
19,38,436,0,0,16605.8
19,39,703,0,0,27890.8
19,40,137,0,0,5022.799999999999
19,41,75,0,0,3118.6
19,42,94,0,0,3160.6000000000004
19,43,18,0,0,582.2
19,44,14,0,0,475.8
19,45,58,0,0,2043.3000000000002
19,47,3,0,0,0
19,49,67,0,0,2679.1000000000004
19,50,125,0,0,5173.6
19,51,76,0,0,2571.6
19,52,13,0,0,423.9
19,53,61,0,0,2064.7
19,54,26,0,0,921
19,55,309,0,0,11994.5
19,56,1528,0,0,62891.8
19,57,392,0,0,15778.5
19,58,257,0,0,9524.7
19,59,181,0,0,8579.6
19,60,131,0,0,5517.799999999999
19,61,64,0,0,1558.6999999999998
19,62,90,0,0,3249.4000000000005
19,63,73,0,0,2768
19,65,30,0,0,1223.8
19,66,23,0,0,1029.5
19,67,6,0,0,0
19,70,1158,0,0,51052.8
19,71,90,0,0,3553
19,72,317,0,0,13549.599999999999
19,73,101,0,0,4125.4
19,74,1,0,0,0
19,75,9,0,0,525.6
19,80,2,0,0,0
19,81,53,0,0,2261.7
19,82,40,0,0,1379.9
19,83,26,0,0,1123.1
19,84,21,0,0,818
19,85,45,0,0,1528.3
19,86,3,0,0,0
19,87,87,0,0,3850.1
19,88,57,0,0,2713.8
19,89,35,0,0,1194.5
19,90,133,0,0,5222.8
19,91,18,0,0,691.1
19,92,203,0,0,7934.6
19,93,105,0,0,4080
19,94,126,0,0,5066.5
19,98,12,0,0,379.2
19,99,12,0,0,410.3
19,100,322,0,0,14229.2
19,101,45,0,0,2180.2
19,102,171,0,0,7422
19,103,839,0,0,33643.7
19,104,303,0,0,12312.599999999999
19,105,379,0,0,14978.399999999998
19,106,5,0,0,221
20,14,427,0,0,16700.3
20,16,2,0,0,0
20,17,280,0,0,12037.4
20,18,63,0,0,2649.1
20,19,2,0,0,0
20,20,5,0,0,272
20,21,3,0,0,0
20,23,22,0,0,693
20,24,13,0,0,396.5
20,25,3,0,0,0
20,27,40,0,0,1148.4
20,29,50,0,0,1818.8
20,30,31,0,0,1153
20,31,23,0,0,746.2
20,34,1,0,0,0
20,35,3,0,0,0
20,36,6,0,0,172.8
20,37,67,0,0,2408.1
20,38,11,0,0,0
20,39,41,0,0,1167.2
20,40,11,0,0,247.1
20,41,42,0,0,1401.6000000000001
20,42,294,0,0,12773.500000000002
20,43,16,0,0,261.9
20,44,19,0,0,334.5
20,45,13,0,0,206
20,46,17,0,0,474.8
20,48,2,0,0,0
20,50,95,0,0,3617.9
20,51,99,0,0,3026.5
20,52,140,0,0,5256.8
20,56,69,0,0,2765.7
20,57,27,0,0,1398.3
20,58,34,0,0,1230.1
20,59,61,0,0,2383.9
20,60,2,0,0,0
20,61,181,0,0,7352.299999999999
20,62,478,0,0,19969
20,63,151,0,0,6821.999999999999
20,65,5,0,0,0
20,66,1,0,0,0
20,69,28,0,0,1010.8
20,70,13,0,0,552
20,71,9,0,0,0
20,72,3,0,0,0
20,73,16,0,0,711.6
20,74,36,0,0,1134
20,75,188,0,0,6843.200000000001
20,80,15,0,0,705
20,81,42,0,0,1537.8
20,82,6,0,0,223.8
20,83,46,0,0,2378.6
20,84,18,0,0,608.9
20,86,15,0,0,622.2
20,87,119,0,0,4675.9
20,88,486,0,0,19340.9
20,89,136,0,0,5373.6
20,90,139,0,0,5449.3
20,92,68,0,0,2532.6000000000004
20,93,48,0,0,1738.6000000000001
20,94,8,0,0,540
20,95,1,0,0,0
20,99,209,0,0,8424.900000000001
20,100,247,0,0,9652.599999999999
20,101,73,0,0,3582.4
20,102,139,0,0,5835.900000000001
20,103,112,0,0,4883.499999999999
20,104,94,0,0,3594.5
20,105,142,0,0,5912.799999999999
20,106,264,0,0,11420.199999999999
20,107,94,0,0,4145.400000000001
20,108,8,0,0,427.2
21,13,562,0,0,18473.7
21,14,1182,0,0,46474.3
21,15,49,0,0,1633.2
21,16,183,0,0,8135.8
21,17,141,0,0,6357.099999999999
21,18,56,0,0,2286.7
21,19,2,0,0,0
21,20,34,0,0,1045
21,21,754,0,0,28057.899999999998
21,22,1342,0,0,51981.200000000004
21,23,429,0,0,15995.8
21,24,70,0,0,2422.8
21,25,1,0,0,0
21,26,14,0,0,465.8
21,27,3,0,0,0
21,30,14,0,0,446.6
21,34,7,0,0,412.2
21,35,5,0,0,0
21,36,5,0,0,124
21,37,1,0,0,0
21,39,61,0,0,2035.8
21,40,31,0,0,1487
21,41,6,0,0,193.8
21,42,30,0,0,692.6
21,43,63,0,0,2168.3999999999996
21,44,40,0,0,1487.4
21,45,1267,0,0,50963.5
21,46,49,0,0,1668.4
21,47,4,0,0,0
21,48,86,0,0,3698.7
21,49,10,0,0,145.2
21,50,1,0,0,0
21,51,3,0,0,0
21,52,67,0,0,2789.6
21,58,70,0,0,2544.6
21,59,30,0,0,1205.7
21,60,36,0,0,697.8
21,61,125,0,0,4923
21,62,100,0,0,4354.6
21,63,96,0,0,4513.9
21,64,68,0,0,2380.9
21,65,256,0,0,9685.900000000001
21,69,45,0,0,1628.8000000000002
21,70,1,0,0,0
21,71,231,0,0,9301.9
21,72,16,0,0,629.2
21,74,27,0,0,819
21,75,38,0,0,1402.4
21,80,3,0,0,0
21,81,106,0,0,4321.5
21,82,9,0,0,388.8
21,83,73,0,0,3198.7
21,84,344,0,0,14909.399999999998
21,85,10,0,0,243.2
21,86,825,0,0,30839.3
21,87,253,0,0,9797
21,88,180,0,0,6184.1
21,89,33,0,0,1366.2
21,90,623,0,0,22869
21,91,806,0,0,30651.1
21,92,29,0,0,783.4
21,93,73,0,0,2627.9
21,97,26,0,0,981.2
21,98,72,0,0,2897.6
21,99,37,0,0,1518
21,100,286,0,0,10604.4
21,101,18,0,0,619.5
21,102,430,0,0,17493.8
21,103,354,0,0,14001.099999999999
21,104,555,0,0,20899.6
21,105,33,0,0,1346.4
21,106,108,0,0,4698.4
21,107,232,0,0,9943.800000000001
21,108,23,0,0,1133.9
22,13,1881,0,0,76341.20000000001
22,14,1084,0,0,39458.9
22,15,47,0,0,1383.5
22,16,122,0,0,4848.8
22,17,177,0,0,6992.099999999999
22,18,6070,0,0,241356.89999999997
22,19,316,0,0,13652.1
22,20,178,0,0,6994.700000000001
22,21,628,0,0,23648.6
22,22,13,0,0,308
22,24,1,0,0,0
22,26,12,0,0,303.1
22,38,4,0,0,0
22,40,7,0,0,246
22,41,104,0,0,3615.6000000000004
22,42,19,0,0,726
22,44,87,0,0,3649.7000000000003
22,45,14,0,0,255
22,46,60,0,0,1924.3000000000002
22,47,9,0,0,287
22,48,3077,0,0,132311.1
22,49,456,0,0,18009.6
22,53,4,0,0,0
22,59,30,0,0,903.4
22,61,18,0,0,814.6
22,62,226,0,0,7965
22,63,566,0,0,21723.3
22,64,654,0,0,26910
22,65,2195,0,0,88964.9
22,71,175,0,0,7944.2
22,72,2,0,0,0
22,74,48,0,0,1822
22,76,106,0,0,3731.8999999999996
22,77,1,0,0,0
22,80,20,0,0,696.5
22,82,232,0,0,9287
22,83,452,0,0,19359.5
22,85,25,0,0,842.6
22,86,110,0,0,4661.099999999999
22,87,23,0,0,1120.3
22,88,95,0,0,3162.5
22,89,6295,0,0,225241.09999999998
22,90,315,0,0,9702.2
22,91,318,0,0,12645.4
22,92,175,0,0,6957.299999999999
22,93,53,0,0,2005.2
22,94,23,0,0,1117.2
22,98,96,0,0,3557.9
22,99,91,0,0,3910.5
22,100,98,0,0,4148.9
22,101,45,0,0,2047.3000000000002
22,102,59,0,0,2394.7
22,103,162,0,0,6938.8
22,104,264,0,0,11936.4
22,105,67,0,0,3190
22,106,1060,0,0,42731.30000000001
22,107,608,0,0,25896.800000000003
22,108,323,0,0,13239.1
22,109,549,0,0,21932.899999999998
22,110,255,0,0,10548.2
23,13,3352,0,0,137440.80000000002
23,14,78,0,0,2515.9
23,15,82,0,0,3144.2
23,16,28,0,0,737
23,17,54,0,0,2315.1
23,18,56,0,0,1680.4
23,19,73,0,0,2732.7
23,20,66,0,0,2220.2
23,21,30,0,0,1066.5
23,22,5,0,0,0
23,23,60,0,0,1651.9
23,24,79,0,0,2721.5
23,25,11,0,0,571
23,26,115,0,0,4023
23,42,15,0,0,767.2
23,43,6,0,0,223.2
23,44,137,0,0,5309.900000000001
23,45,350,0,0,14425
23,46,14,0,0,251.2
23,48,337,0,0,13169.6
23,49,655,0,0,24234.6
23,53,32,0,0,1358.8
23,59,91,0,0,3691.5999999999995
23,60,27,0,0,1175.2
23,62,333,0,0,14303.3
23,63,118,0,0,5551.3
23,64,126,0,0,5057.4
23,65,2441,0,0,97157.80000000002
23,66,33,0,0,1272.6
23,70,81,0,0,2274.7
23,71,167,0,0,5379.099999999999
23,72,6,0,0,0
23,73,71,0,0,2744.9999999999995
23,74,38,0,0,907.5
23,81,20,0,0,721.5
23,82,1,0,0,0
23,83,50,0,0,2341.2
23,86,58,0,0,2263.7
23,88,782,0,0,24963.4
23,89,3555,0,0,116709.9
23,90,28,0,0,1032.2
23,91,4,0,0,0
23,92,166,0,0,6211.9
23,94,34,0,0,1256.9
23,95,28,0,0,1277.9
23,98,30,0,0,1060.2
23,99,482,0,0,18075.399999999998
23,100,128,0,0,4633.2
23,103,571,0,0,25259.6
23,104,114,0,0,5172.3
23,105,169,0,0,7488.2
23,106,191,0,0,7471.799999999999
23,108,446,0,0,17267.5
23,109,4399,0,0,171156.9
23,110,193,0,0,9163.3
24,12,2,0,0,0
24,13,301,0,0,11670.8
24,14,73,0,0,2420.8
24,15,27,0,0,1356.3
24,16,23,0,0,429
24,17,623,0,0,23283.100000000002
24,18,19,0,0,596.4
24,19,156,0,0,5306.9
24,20,172,0,0,6110.599999999999
24,21,78,0,0,2647.3
24,22,20,0,0,423.6
24,23,16,0,0,604.8
24,24,42,0,0,1701
24,25,12,0,0,681.8
24,26,803,0,0,32069.799999999996
24,27,92,0,0,3179
24,28,24,0,0,936.8
24,29,21,0,0,788.8
24,30,11,0,0,440
24,35,13,0,0,586.8
24,43,3,0,0,0
24,44,16,0,0,466.7
24,45,212,0,0,8477.3
24,47,7,0,0,287
24,49,63,0,0,2712.1
24,53,41,0,0,1512
24,62,86,0,0,3111.4
24,63,26,0,0,1153.2
24,64,72,0,0,2643.2
24,65,63,0,0,2178
24,67,1,0,0,0
24,70,394,0,0,14268.800000000001
24,71,10,0,0,217.7
24,74,6,0,0,264
24,75,8,0,0,0
24,81,48,0,0,2203.2
24,82,5,0,0,0
24,83,613,0,0,24337.800000000003
24,84,1562,0,0,59608.9
24,86,61,0,0,2442.6
24,88,128,0,0,4692.299999999999
24,89,357,0,0,13130.8
24,90,259,0,0,8757.5
24,91,13,0,0,319
24,92,102,0,0,3532.2
24,93,35,0,0,984.9000000000001
24,94,58,0,0,2147.6000000000004
24,95,152,0,0,7350.400000000001
24,98,12,0,0,311
24,99,570,0,0,21480.1
24,100,222,0,0,8171.6
24,101,91,0,0,4152.1
24,102,9,0,0,249
24,103,37,0,0,1684.5
24,105,122,0,0,5349
24,106,308,0,0,11712.2
24,107,943,0,0,37234.399999999994
24,108,877,0,0,31445.8
24,109,425,0,0,16013.3
25,11,148,0,0,5726.8
25,12,127,0,0,3849
25,13,318,0,0,11527.099999999999
25,14,94,0,0,2757.3
25,15,32,0,0,722.4
25,16,15,0,0,258.3
25,17,455,0,0,16970.7
25,18,1224,0,0,52241.8
25,19,32,0,0,1089.6
25,20,56,0,0,2270
25,21,47,0,0,1434.2
25,22,53,0,0,1491.6
25,23,7,0,0,0
25,24,31,0,0,991.2
25,26,6,0,0,97.2
25,27,5,0,0,105
25,28,3,0,0,0
25,29,15,0,0,507.6
25,30,58,0,0,2002.1999999999998
25,31,3,0,0,0
25,43,2,0,0,0
25,44,15,0,0,544.5
25,45,40,0,0,1579.5
25,46,7,0,0,0
25,54,22,0,0,676.7
25,55,2,0,0,0
25,56,42,0,0,1620.7
25,57,1232,0,0,48518.299999999996
25,58,803,0,0,31247.300000000003
25,64,193,0,0,9058.9
25,65,82,0,0,3760.4
25,66,411,0,0,18892.5
25,69,25,0,0,1104.6
25,70,875,0,0,35971
25,75,30,0,0,1188
25,79,4,0,0,0
25,82,18,0,0,560.8
25,83,10,0,0,219.8
25,86,205,0,0,8563.1
25,87,11,0,0,296.1
25,88,186,0,0,7442.3
25,89,855,0,0,29106.1
25,90,175,0,0,5544.1
25,91,8,0,0,280.2
25,96,9,0,0,92
25,97,110,0,0,4365
25,98,2,0,0,0
25,99,2860,0,0,109148.1
25,100,13,0,0,369.4
25,102,97,0,0,4555
25,103,118,0,0,5125
25,104,267,0,0,9855
25,105,220,0,0,8576.3
25,106,30,0,0,936
25,107,730,0,0,27789.600000000006
25,108,1597,0,0,55564.6
25,109,4693,0,0,174857.90000000002
25,110,168,0,0,6618.4
26,11,117,0,0,4766.7
26,12,103,0,0,3593.9
26,13,800,0,0,24826.2
26,14,3518,0,0,131051.29999999999
26,15,195,0,0,7206.8
26,16,18,0,0,493
26,17,29,0,0,600.4
26,18,1520,0,0,56179.49999999999
26,19,744,0,0,27592.399999999994
26,20,200,0,0,6272
26,21,54,0,0,2131.8
26,22,145,0,0,5810.099999999999
26,23,149,0,0,5741.5
26,24,4,0,0,0
26,25,54,0,0,1624.3
26,26,7,0,0,219.1
26,29,3,0,0,0
26,31,264,0,0,9746.5
26,46,3,0,0,0
26,47,20,0,0,751.8
26,48,1,0,0,0
26,49,5,0,0,177
26,53,9,0,0,285
26,54,402,0,0,15507.3
26,55,90,0,0,3685.3
26,56,75,0,0,2894.9
26,57,3028,0,0,139131.1
26,58,737,0,0,29903.299999999996
26,59,67,0,0,2911.6
26,60,129,0,0,5318.7
26,61,201,0,0,8780.2
26,62,93,0,0,4724.4
26,64,34,0,0,1453.8
26,65,71,0,0,3383.5000000000005
26,66,155,0,0,6843.599999999999
26,67,11,0,0,281
26,68,45,0,0,1999.8999999999999
26,69,380,0,0,13844.100000000002
26,70,6284,0,0,276412.69999999995
26,71,1296,0,0,48335
26,73,35,0,0,1365.2
26,75,2,0,0,0
26,78,32,0,0,1216.9
26,79,21,0,0,748.8
26,80,6,0,0,341
26,81,101,0,0,4005.2999999999997
26,85,27,0,0,1009.6
26,86,116,0,0,4499
26,87,65,0,0,2526.2
26,90,183,0,0,7192.2
26,94,2,0,0,0
26,95,76,0,0,3173.4
26,96,571,0,0,23713.100000000002
26,97,97,0,0,3735.4
26,98,77,0,0,3324.5000000000005
26,99,627,0,0,22761.199999999997
26,100,2,0,0,0
26,101,138,0,0,4905.6
26,102,92,0,0,3736
26,103,194,0,0,8757.7
26,104,500,0,0,19431.4
26,105,342,0,0,14613.4
26,106,489,0,0,19442.5
26,107,7,0,0,245
26,108,216,0,0,8312.2
26,109,1040,0,0,39772.8
26,110,6,0,0,172.8
27,12,718,0,0,27348.199999999997
27,13,95,0,0,3029.3
27,14,1810,0,0,68858.3
27,15,134,0,0,4195.6
27,16,59,0,0,1611
27,17,15,0,0,199
27,18,24,0,0,693
27,19,59,0,0,1785.7
27,20,20,0,0,595
27,21,35,0,0,1203.2
27,22,75,0,0,2475
27,23,8,0,0,284.2
27,26,14,0,0,603.6
27,31,3,0,0,0
27,32,61,0,0,2216.4
27,33,18,0,0,135
27,34,19,0,0,399.2
27,46,18,0,0,666.2
27,47,4,0,0,0
27,48,147,0,0,5797.8
27,49,7,0,0,298.2
27,50,8,0,0,138
27,51,52,0,0,2031.2
27,55,4,0,0,0
27,59,13,0,0,412.1
27,60,71,0,0,3001
27,61,301,0,0,11446.9
27,62,382,0,0,15441.5
27,63,241,0,0,10069.2
27,64,143,0,0,5772.1
27,65,169,0,0,7989.8
27,66,30,0,0,1598.4
27,68,4,0,0,0
27,69,851,0,0,27952.3
27,70,804,0,0,29835.1
27,71,471,0,0,18121.7
27,72,85,0,0,3293.9999999999995
27,73,492,0,0,17865.9
27,74,141,0,0,5742.5
27,75,100,0,0,4254
27,78,76,0,0,3378.8999999999996
27,79,25,0,0,1228.8
27,81,19,0,0,893.7
27,86,4,0,0,0
27,87,23,0,0,944.3
27,88,9,0,0,370.8
27,90,203,0,0,7189.3
27,91,3,0,0,0
27,95,1447,0,0,61551.899999999994
27,96,1333,0,0,52269.99999999999
27,97,87,0,0,3529
27,98,20,0,0,984
27,99,46,0,0,1599.8
27,100,5,0,0,244
27,102,29,0,0,1052.6
27,103,104,0,0,3949.4
27,104,5765,0,0,218141
27,105,4988,0,0,193452.29999999996
27,106,21,0,0,1036.8
27,107,456,0,0,18270.8
27,108,414,0,0,16299.6
27,109,2844,0,0,110591.59999999999
27,110,369,0,0,13541.6
27,111,837,0,0,31525.5
27,112,658,0,0,25009.300000000003
27,113,81,0,0,3032
28,11,81,0,0,3662.1
28,12,548,0,0,18403.399999999998
28,13,124,0,0,5058.2
28,14,77,0,0,2378.5
28,15,19,0,0,264.6
28,16,289,0,0,9146.5
28,17,39,0,0,1704.9
28,18,132,0,0,5433.4
28,19,29,0,0,1122.4
28,20,53,0,0,2045.8
28,21,4,0,0,0
28,22,237,0,0,8755.2
28,23,35,0,0,1317.4
28,25,6,0,0,219
28,45,2,0,0,0
28,48,15,0,0,522.5
28,51,37,0,0,1129.9
28,52,415,0,0,17942.1
28,63,466,0,0,18836.3
28,64,806,0,0,34393.3
28,65,38,0,0,1775.3999999999999
28,66,58,0,0,2533.2
28,67,60,0,0,2083.4
28,68,23,0,0,797.4
28,69,123,0,0,5134
28,71,135,0,0,5300
28,73,316,0,0,13734.5
28,74,3,0,0,0
28,78,3,0,0,0
28,79,116,0,0,5188.200000000001
28,80,38,0,0,1210
28,81,53,0,0,1846.8
28,82,6,0,0,180
28,83,27,0,0,1092.5
28,87,51,0,0,1993.5
28,88,38,0,0,1523.8
28,90,126,0,0,5304.9
28,91,160,0,0,6944.3
28,92,8,0,0,228
28,93,49,0,0,1830.1000000000001
28,94,27,0,0,1096.2
28,95,39,0,0,1502.5
28,97,88,0,0,3526.1000000000004
28,98,64,0,0,2338.7
28,99,82,0,0,3064.8
28,100,9,0,0,219.8
28,102,88,0,0,3621.1000000000004
28,103,46,0,0,1889.4
28,104,366,0,0,15433.5
28,105,2250,0,0,81752.69999999998
28,106,3,0,0,0
28,107,99,0,0,4240.7
28,108,196,0,0,9568.5
28,109,59,0,0,2471.3999999999996
28,110,46,0,0,1899
28,111,6565,0,0,259141.80000000002
28,112,3653,0,0,131435
28,113,966,0,0,39658
28,114,650,0,0,24134.300000000003
29,10,1,0,0,0
29,11,220,0,0,8506.8
29,12,1852,0,0,73478.2
29,13,473,0,0,17429.8
29,14,33,0,0,982.2
29,15,43,0,0,1552.4
29,16,28,0,0,1004
29,17,11,0,0,341
29,18,78,0,0,2185
29,19,347,0,0,12961.9
29,20,86,0,0,2881.6
29,21,555,0,0,19573.8
29,22,5,0,0,151
29,47,6,0,0,79.2
29,48,18,0,0,745.2
29,52,2,0,0,0
29,64,24,0,0,1039.6
29,65,80,0,0,3213.2
29,66,45,0,0,1713
29,67,471,0,0,19836.3
29,68,229,0,0,9305.9
29,69,6,0,0,177
29,71,45,0,0,1864.2
29,73,72,0,0,2801.8
29,74,155,0,0,6120.9
29,78,1,0,0,0
29,79,291,0,0,11762.599999999999
29,80,1308,0,0,57040.9
29,81,55,0,0,2266.3
29,82,500,0,0,20336
29,83,449,0,0,17795.1
29,84,88,0,0,2908
29,85,60,0,0,2260.4
29,90,95,0,0,3987.3999999999996
29,91,509,0,0,20359.8
29,92,33,0,0,1258.8
29,93,57,0,0,2462.9
29,94,223,0,0,9743
29,95,399,0,0,15113.5
29,96,43,0,0,1936.5
29,97,63,0,0,1924.4999999999998
29,98,10,0,0,441
29,99,19,0,0,358.8
29,100,29,0,0,955.9
29,101,6,0,0,166.8
29,102,154,0,0,5948.900000000001
29,103,35,0,0,1196.8
29,104,169,0,0,6740.6
29,105,138,0,0,5929.7
29,106,38,0,0,1063.3
29,108,307,0,0,12450.2
29,109,42,0,0,1645.6000000000001
29,110,4606,0,0,176886.00000000003
29,111,10288,0,0,417528.1000000001
29,112,556,0,0,17919.1
29,114,362,0,0,15192.599999999999
29,115,65,0,0,3438.7000000000003
29,116,10,0,0,475
30,11,6116,0,0,249964.4
30,12,274,0,0,9397.900000000001
30,13,98,0,0,3053.6
30,14,136,0,0,5359.1
30,15,246,0,0,8915.300000000001
30,16,183,0,0,5586.7
30,17,543,0,0,21239.699999999997
30,18,88,0,0,2771.7
30,19,136,0,0,4437.299999999999
30,20,17,0,0,585.2
30,21,35,0,0,1052.7
30,22,9,0,0,87
30,23,13,0,0,387.6
30,24,6,0,0,0
30,52,1,0,0,0
30,53,3,0,0,0
30,66,90,0,0,3667.8999999999996
30,68,5,0,0,160
30,69,7,0,0,190.8
30,70,7,0,0,225
30,71,5,0,0,104
30,74,6,0,0,168
30,75,30,0,0,989.4000000000001
30,76,15,0,0,509.7
30,79,5,0,0,201
30,81,195,0,0,7520.200000000001
30,82,146,0,0,5127.3
30,83,3,0,0,0
30,89,16,0,0,736.7
30,91,117,0,0,4348.400000000001
30,92,14,0,0,534.8
30,93,69,0,0,2841.6000000000004
30,94,522,0,0,21389.5
30,95,52,0,0,2038.6
30,96,282,0,0,12201.4
30,97,272,0,0,10362.1
30,98,7,0,0,158.9
30,99,108,0,0,4240.3
30,100,13,0,0,393.8
30,101,63,0,0,2635.3999999999996
30,102,31,0,0,1401
30,103,10,0,0,320
30,104,153,0,0,5708.5
30,105,86,0,0,3632.6
30,106,8,0,0,124.8
30,108,11,0,0,0
30,109,1,0,0,0
30,110,5229,0,0,180332.2
30,111,10240,0,0,390692.7
30,112,351,0,0,14712.699999999999
30,113,1017,0,0,37105.40000000001
30,114,237,0,0,10436.300000000001
30,115,797,0,0,32517.100000000002
30,116,208,0,0,8526
31,10,596,0,0,22262.300000000003
31,11,5403,0,0,195504.30000000005
31,12,833,0,0,28231.1
31,13,84,0,0,2883.1000000000004
31,14,82,0,0,2886.7
31,15,78,0,0,2237.8
31,16,121,0,0,3574.0999999999995
31,17,60,0,0,1900.6
31,18,117,0,0,3306
31,19,69,0,0,2148.8
31,20,323,0,0,11832.199999999999
31,21,64,0,0,2411.9
31,22,82,0,0,2967.6
31,23,19,0,0,372
31,24,136,0,0,5177.400000000001
31,25,10,0,0,198
31,28,25,0,0,752.4
31,66,5,0,0,274
31,67,37,0,0,1376
31,68,968,0,0,41337.200000000004
31,71,2,0,0,0
31,74,23,0,0,694.6
31,75,36,0,0,1322.4
31,76,14,0,0,553
31,80,49,0,0,1702.8
31,81,182,0,0,7309.2
31,82,230,0,0,10368.899999999998
31,85,4,0,0,0
31,86,9,0,0,281
31,87,78,0,0,3611.2
31,89,5,0,0,232
31,91,88,0,0,3823.8
31,92,17,0,0,996.2
31,94,94,0,0,3625.7999999999997
31,95,5,0,0,194
31,96,75,0,0,2594.8
31,97,524,0,0,22434.9
31,98,161,0,0,6098
31,99,346,0,0,14509.1
31,100,545,0,0,19316.800000000003
31,101,9,0,0,383.4
31,102,74,0,0,2637.6
31,103,12,0,0,567.6
31,105,310,0,0,14590.7
31,106,36,0,0,1433.6000000000001
31,107,15,0,0,386
31,108,105,0,0,3920.9
31,109,495,0,0,17602.5
31,110,6892,0,0,239170.6
31,111,5551,0,0,220563.30000000008
31,112,489,0,0,17401.1
31,114,392,0,0,16210.300000000001
31,115,93,0,0,4092.5
31,116,76,0,0,4224.8
32,10,245,0,0,8978.8
32,11,429,0,0,16031.5
32,12,317,0,0,12326.7
32,13,230,0,0,7221.9
32,14,571,0,0,22409.7
32,15,425,0,0,16158.300000000001
32,16,219,0,0,7753.2
32,17,102,0,0,3150.2999999999997
32,18,57,0,0,1481.6999999999998
32,19,122,0,0,5287.2
32,20,115,0,0,4229.8
32,21,104,0,0,3917.6
32,22,31,0,0,1236.6
32,23,50,0,0,1659.8
32,24,221,0,0,8008.6
32,25,80,0,0,2692.7000000000003
32,26,35,0,0,721.6
32,27,18,0,0,425.7
32,40,44,0,0,1340.4
32,45,7,0,0,305.9
32,51,7,0,0,196
32,65,372,0,0,15050.7
32,66,11,0,0,419.1
32,68,88,0,0,3544.2
32,76,2,0,0,0
32,79,61,0,0,2849.2
32,81,76,0,0,3279.2
32,82,1882,0,0,73878.6
32,86,6,0,0,330
32,87,140,0,0,4794.599999999999
32,88,28,0,0,773.7
32,91,36,0,0,1091
32,96,14,0,0,447.7
32,97,213,0,0,7434.6
32,98,413,0,0,14516.599999999999
32,100,211,0,0,8472.6
32,102,26,0,0,1476.8
32,103,36,0,0,1565.8
32,104,2,0,0,0
32,105,61,0,0,2800.7
32,107,6,0,0,214.2
32,108,371,0,0,15131.499999999998
32,109,1158,0,0,43499.4
32,110,412,0,0,14196.300000000001
32,111,329,0,0,11055.5
32,112,274,0,0,11435.699999999999
32,113,1442,0,0,56746.4
32,114,1071,0,0,42733.5
32,116,334,0,0,14048.599999999999
32,117,282,0,0,10824.4
33,10,32,0,0,1306.3
33,11,314,0,0,12386.8
33,12,172,0,0,7070.299999999999
33,13,54,0,0,1712.3999999999999
33,14,62,0,0,2190.6000000000004
33,15,78,0,0,2302.9
33,16,484,0,0,16068.8
33,17,171,0,0,5933.7
33,18,57,0,0,1987.4
33,19,79,0,0,2756
33,20,9,0,0,168
33,21,10,0,0,605
33,23,28,0,0,721.5999999999999
33,26,6,0,0,0
33,27,104,0,0,3319.2
33,28,11,0,0,306
33,35,7,0,0,0
33,39,5,0,0,0
33,40,286,0,0,10266.2
33,41,19,0,0,328.9
33,42,28,0,0,1015.2
33,43,15,0,0,311.3
33,44,1,0,0,0
33,45,460,0,0,15027.6
33,64,179,0,0,7715.700000000001
33,65,162,0,0,6570.8
33,66,127,0,0,4128
33,78,3,0,0,0
33,79,154,0,0,7017.4
33,81,325,0,0,12586.9
33,82,20,0,0,804
33,83,3,0,0,0
33,85,37,0,0,1560.6
33,92,4,0,0,0
33,93,120,0,0,4930.1
33,94,80,0,0,2918.8
33,95,75,0,0,2899.7
33,96,489,0,0,19971.699999999997
33,97,176,0,0,6780.9
33,98,2278,0,0,84742.5
33,99,4,0,0,0
33,100,69,0,0,2510.1
33,101,7,0,0,179.9
33,102,12,0,0,405.6
33,104,62,0,0,2777.2
33,106,222,0,0,8442.7
33,107,430,0,0,17160.899999999998
33,108,1352,0,0,50230.9
33,109,3043,0,0,121386.39999999998
33,110,152,0,0,5668.4
33,111,99,0,0,3585.8
33,112,1792,0,0,66087
33,113,30,0,0,873
33,114,26,0,0,962.8
33,115,76,0,0,2952.7
33,117,243,0,0,10795.8
33,118,486,0,0,19404.2
34,11,474,0,0,17053.100000000002
34,12,2086,0,0,63902.59999999999
34,13,63,0,0,1384.8
34,14,88,0,0,3070.1
34,15,55,0,0,1301.4
34,16,203,0,0,7021.799999999999
34,17,88,0,0,2752.3999999999996
34,18,55,0,0,1312.8
34,19,11,0,0,386
34,20,4,0,0,0
34,22,25,0,0,777
34,23,17,0,0,750.4
34,24,14,0,0,298.8
34,25,9,0,0,276.3
34,26,5,0,0,108
34,28,1,0,0,0
34,31,1,0,0,0
34,32,31,0,0,813.2
34,33,18,0,0,492.3
34,34,264,0,0,10531.8
34,35,258,0,0,10409.199999999999
34,36,37,0,0,969.3
34,37,389,0,0,17148.499999999996
34,38,144,0,0,5688.8
34,42,33,0,0,1315.6
34,43,12,0,0,346.4
34,45,8,0,0,118
34,46,2,0,0,0
34,47,10,0,0,358.8
34,50,28,0,0,1079.1999999999998
34,64,11,0,0,391.2
34,66,9,0,0,487.8
34,71,5,0,0,0
34,73,27,0,0,785.6
34,74,347,0,0,14592.6
34,75,1,0,0,0
34,76,85,0,0,3653
34,77,1,0,0,0
34,78,1,0,0,0
34,79,2,0,0,0
34,80,2,0,0,0
34,81,62,0,0,2155.4
34,82,363,0,0,14527.399999999998
34,83,305,0,0,10927.4
34,84,65,0,0,2085.8
34,85,23,0,0,713.3
34,88,25,0,0,998
34,89,11,0,0,172.9
34,95,10,0,0,262.4
34,96,150,0,0,5984.6
34,97,593,0,0,21721.2
34,98,181,0,0,6368.5
34,100,1,0,0,0
34,101,74,0,0,3031.0000000000005
34,102,31,0,0,1168.2
34,107,124,0,0,4854.5
34,109,79,0,0,2735.2
34,110,119,0,0,4018.1
34,111,2611,0,0,95457.49999999999
34,112,724,0,0,28457.5
34,113,198,0,0,7430.9
34,114,57,0,0,2057.4
34,115,863,0,0,35330.200000000004
34,116,14,0,0,513.6
34,118,35,0,0,1987.3999999999999
34,119,32,0,0,2166.4
35,11,1715,0,0,59125.1
35,12,6111,0,0,235222.6
35,13,2204,0,0,85723.00000000001
35,14,1083,0,0,38207.299999999996
35,15,167,0,0,6423.799999999999
35,16,404,0,0,13484
35,17,180,0,0,5766.700000000001
35,18,372,0,0,14011.099999999999
35,19,167,0,0,5902.4
35,20,32,0,0,819.2
35,21,198,0,0,7202.8
35,22,394,0,0,14103
35,23,68,0,0,2090.6
35,29,19,0,0,580.6
35,30,2,0,0,0
35,31,57,0,0,2242
35,32,40,0,0,1448.8
35,37,116,0,0,4169.9
35,38,39,0,0,1250.2
35,40,1,0,0,0
35,47,7,0,0,361.2
35,49,13,0,0,104
35,50,7,0,0,226.1
35,64,41,0,0,1327
35,74,31,0,0,1251.5
35,75,946,0,0,37694.7
35,76,24,0,0,781
35,79,5,0,0,0
35,80,2,0,0,0
35,82,3854,0,0,144318.7
35,83,257,0,0,9841.1
35,84,2,0,0,0
35,87,2,0,0,0
35,88,78,0,0,3574.2
35,95,10,0,0,399
35,96,24,0,0,874.2
35,98,95,0,0,2833
35,100,14,0,0,713.9
35,101,100,0,0,3730.8999999999996
35,102,276,0,0,11689.199999999999
35,104,13,0,0,384.8
35,105,102,0,0,3480.6000000000004
35,106,192,0,0,7640.9
35,108,2,0,0,0
35,109,155,0,0,5763.1
35,110,1136,0,0,47239.7
35,111,336,0,0,12708.099999999999
35,112,49,0,0,1613.6
35,114,135,0,0,5938.3
35,115,312,0,0,11208.9
35,116,444,0,0,17835.6
35,117,10,0,0,211.8
36,11,108,0,0,4172.9
36,12,5084,0,0,181707.7
36,13,5735,0,0,188871.6
36,14,2066,0,0,71773.4
36,15,843,0,0,29631.5
36,16,758,0,0,25134.4
36,17,144,0,0,4615.3
36,18,21,0,0,787.2
36,19,28,0,0,1055.3
36,20,20,0,0,343
36,21,33,0,0,689.2
36,22,260,0,0,10850.1
36,23,1971,0,0,80087.70000000001
36,24,72,0,0,2534.7999999999997
36,25,505,0,0,19565.7
36,26,7,0,0,0
36,27,1,0,0,0
36,28,211,0,0,9008.400000000001
36,29,9,0,0,0
36,30,79,0,0,3430.4
36,31,12,0,0,371.8
36,32,1,0,0,0
36,33,5,0,0,92
36,48,3,0,0,0
36,49,394,0,0,15913.400000000001
36,50,6,0,0,334.8
36,74,117,0,0,5224.5
36,81,1150,0,0,41403.200000000004
36,82,215,0,0,8673
36,83,72,0,0,2686.7
36,84,1414,0,0,52061.3
36,85,5,0,0,0
36,97,92,0,0,3806.9
36,98,121,0,0,4284.7
36,100,74,0,0,3579.9
36,104,17,0,0,508.2
36,105,76,0,0,3273.7
36,106,2455,0,0,101906.4
36,107,564,0,0,22133
36,108,10,0,0,376
36,109,65,0,0,2165
36,110,649,0,0,25742.5
36,111,20,0,0,668.2
36,112,33,0,0,1247.2
36,113,401,0,0,14785.8
36,114,50,0,0,2262
36,115,76,0,0,3279.3
36,116,61,0,0,2757.2000000000003
36,117,15,0,0,658.5
36,118,480,0,0,19189.399999999998
36,119,10,0,0,656
37,11,3109,0,0,102749.4
37,12,10372,0,0,397826.89999999997
37,13,28650,0,0,1170591.0000000002
37,14,1013,0,0,32508.799999999992
37,15,5734,0,0,200298.4
37,16,4856,0,0,194616.50000000003
37,17,165,0,0,5980.900000000001
37,18,147,0,0,4794.299999999999
37,19,188,0,0,6094.3
37,20,362,0,0,13378.099999999999
37,21,63,0,0,1513.7
37,22,32,0,0,984.3
37,23,193,0,0,6978
37,24,8,0,0,189
37,25,57,0,0,2047.6
37,26,36,0,0,1819
37,27,27,0,0,828
37,28,60,0,0,2201.5
37,29,75,0,0,3485.1
37,31,5,0,0,325
37,33,4,0,0,0
37,45,2,0,0,0
37,48,40,0,0,1404.8
37,49,34,0,0,1059
37,68,3,0,0,0
37,75,4,0,0,0
37,80,3,0,0,0
37,81,17,0,0,827.2
37,83,12,0,0,478.8
37,84,151,0,0,5472.700000000001
37,85,429,0,0,18027.000000000004
37,86,1172,0,0,44375.299999999996
37,87,11,0,0,319
37,88,27,0,0,939.4
37,89,34,0,0,1547
37,91,58,0,0,2037.2
37,96,13,0,0,496.6
37,97,133,0,0,5616.1
37,98,43,0,0,2008.4
37,105,7,0,0,266
37,106,169,0,0,7214
37,107,13,0,0,565.2
37,108,831,0,0,32506.999999999996
37,109,42,0,0,1356.4
37,110,5,0,0,293
37,112,217,0,0,9580.7
37,113,1231,0,0,45590.29999999999
37,114,296,0,0,10342.699999999999
37,115,58,0,0,1890
37,116,24,0,0,769.5
37,117,832,0,0,34192.1
37,118,1004,0,0,39739.90000000001
37,120,367,0,0,16508.8
38,12,3623,0,0,110685.3
38,13,15028,0,0,547763.3
38,14,3512,0,0,121661.30000000002
38,15,283,0,0,10858.099999999999
38,16,271,0,0,8706
38,17,403,0,0,12916.9
38,18,59,0,0,1897.8
38,19,83,0,0,2821.3999999999996
38,20,21,0,0,430.1
38,21,20,0,0,646.8
38,22,18,0,0,609
38,23,17,0,0,507.6
38,24,9,0,0,0
38,33,3,0,0,0
38,37,1,0,0,0
38,42,27,0,0,616.1
38,43,9,0,0,347
38,44,72,0,0,2923.1
38,45,48,0,0,1577.1000000000001
38,46,83,0,0,3035
38,47,1,0,0,0
38,48,115,0,0,4588.6
38,49,58,0,0,2427.2
38,68,2,0,0,0
38,79,57,0,0,2648.5
38,80,20,0,0,539
38,83,10,0,0,226
38,84,9,0,0,0
38,85,108,0,0,4340
38,86,129,0,0,4861.4
38,88,20,0,0,673.8
38,89,82,0,0,3899
38,90,84,0,0,3530.6000000000004
38,91,134,0,0,5711.8
38,92,23,0,0,847.4
38,97,4,0,0,0
38,98,38,0,0,1505.6
38,101,204,0,0,7719.8
38,102,20,0,0,665.5
38,103,25,0,0,753.8
38,104,87,0,0,3553.8
38,105,251,0,0,10404
38,106,55,0,0,2020.9
38,107,23,0,0,848.9000000000001
38,108,52,0,0,2143.9
38,110,33,0,0,1230.9
38,111,96,0,0,3702.7
38,112,50,0,0,2134.2
38,113,1716,0,0,67791.1
38,114,235,0,0,8107
38,116,463,0,0,18080.7
38,117,911,0,0,29435
38,118,318,0,0,12078.5
38,119,438,0,0,16657
38,120,838,0,0,33041.299999999996
39,12,319,0,0,11954.699999999999
39,13,236,0,0,9559.9
39,14,1122,0,0,40240.9
39,15,954,0,0,34318.30000000001
39,16,100,0,0,2764.7
39,17,21,0,0,534
39,18,33,0,0,1183.4
39,19,239,0,0,8885
39,20,48,0,0,1362.6000000000001
39,21,88,0,0,3194.7
39,22,28,0,0,876.0999999999999
39,29,6,0,0,214.2
39,33,21,0,0,699.4000000000001
39,35,6,0,0,0
39,37,31,0,0,1206.6
39,38,7,0,0,150
39,42,32,0,0,404
39,43,35,0,0,1314.4
39,45,53,0,0,2332.2
39,46,171,0,0,6600.6
39,47,79,0,0,3737.7
39,48,18,0,0,634.1
39,49,25,0,0,916.1
39,51,1,0,0,0
39,78,247,0,0,9903.7
39,79,1208,0,0,49372.100000000006
39,81,4,0,0,0
39,82,1,0,0,0
39,85,7,0,0,0
39,86,222,0,0,8546.599999999999
39,87,287,0,0,13191.699999999999
39,88,5,0,0,215
39,101,11,0,0,335.7
39,104,6,0,0,406.8
39,105,148,0,0,5674.6
39,106,540,0,0,22227.7
39,108,14,0,0,0
39,110,100,0,0,4291.900000000001
39,111,382,0,0,17402
39,112,530,0,0,21098.2
39,113,976,0,0,43095.3
39,114,18,0,0,527.4
39,116,5549,0,0,224920.40000000002
39,117,375,0,0,13508.800000000001
39,118,930,0,0,33246.3
39,119,61,0,0,2571.4
39,120,220,0,0,8700.7
39,121,259,0,0,9357.4
40,12,420,0,0,16700.6
40,13,971,0,0,38044.899999999994
40,14,182,0,0,6521.9
40,15,59,0,0,1995.4
40,16,1176,0,0,39097.600000000006
40,17,1954,0,0,75603.3
40,18,66,0,0,1579.4
40,19,2,0,0,0
40,20,33,0,0,750.8
40,21,38,0,0,1198.4
40,22,37,0,0,1026.6
40,23,22,0,0,401.4
40,24,66,0,0,2411.4
40,25,1,0,0,0
40,26,11,0,0,366.4
40,28,39,0,0,1523.1999999999998
40,31,2,0,0,0
40,34,32,0,0,1179.8
40,35,71,0,0,2066.2999999999997
40,36,14,0,0,408
40,37,58,0,0,2055.9999999999995
40,38,24,0,0,653.0999999999999
40,40,150,0,0,5427
40,41,190,0,0,7927.300000000001
40,42,968,0,0,41130.5
40,43,50,0,0,1203.4
40,44,450,0,0,18722.199999999997
40,45,361,0,0,13336
40,46,12,0,0,303
40,47,13,0,0,151
40,48,33,0,0,589
40,54,2,0,0,0
40,55,5,0,0,0
40,64,1,0,0,0
40,77,80,0,0,3325.4
40,78,263,0,0,9719.5
40,81,89,0,0,3859.9
40,82,9,0,0,0
40,86,9,0,0,328
40,87,19,0,0,1089.3
40,106,454,0,0,17035.300000000003
40,107,3,0,0,0
40,112,24,0,0,615.2
40,113,199,0,0,7160.299999999999
40,114,2,0,0,0
40,116,13090,0,0,520339.79999999993
40,117,445,0,0,17089.199999999997
40,118,2499,0,0,96003.30000000002
40,119,55,0,0,1824.4
40,120,192,0,0,6669.400000000001
40,121,705,0,0,29102.3
41,13,190,0,0,7282.4
41,14,446,0,0,16583.8
41,15,174,0,0,4855.999999999999
41,16,54,0,0,2025.3999999999999
41,17,156,0,0,5113.200000000001
41,18,79,0,0,2476.3
41,19,54,0,0,1383.4
41,20,38,0,0,990.9
41,21,30,0,0,787.7
41,22,2,0,0,0
41,23,8,0,0,81
41,24,18,0,0,771.5999999999999
41,25,6,0,0,195
41,27,66,0,0,2458.2000000000003
41,30,12,0,0,453.2
41,34,11,0,0,437.4
41,35,122,0,0,4719.9
41,36,494,0,0,20640.6
41,37,122,0,0,4377.8
41,38,117,0,0,4214.3
41,39,40,0,0,1770.8
41,40,33,0,0,1235.3000000000002
41,41,5,0,0,106
41,42,33,0,0,1107.8
41,44,75,0,0,2442.8
41,45,71,0,0,3164.1
41,46,65,0,0,2386.1
41,47,570,0,0,21249.899999999998
41,48,134,0,0,5639.1
41,51,4,0,0,0
41,53,2,0,0,0
41,54,3,0,0,0
41,65,7,0,0,256.9
41,70,1,0,0,0
41,77,3,0,0,0
41,78,16,0,0,562
41,82,1924,0,0,79110.80000000002
41,87,73,0,0,3512.4
41,88,150,0,0,5832.6
41,89,6,0,0,279
41,103,2,0,0,0
41,104,118,0,0,5212
41,106,67,0,0,2587.4
41,107,46,0,0,1388.8
41,110,78,0,0,2785
41,111,65,0,0,2627.2
41,112,85,0,0,3223.7999999999997
41,113,174,0,0,6532.2
41,114,139,0,0,5565.2
41,115,465,0,0,13580
41,116,1002,0,0,37490.5
41,117,509,0,0,18386.600000000002
41,118,557,0,0,19408.600000000002
41,119,28,0,0,1110.2
41,120,69,0,0,2286.2
41,121,308,0,0,12043.5
42,14,1793,0,0,67138.8
42,15,5029,0,0,197003.2
42,16,36,0,0,1206.2
42,17,52,0,0,1709.8
42,18,13,0,0,406.4
42,19,55,0,0,1398.4
42,20,26,0,0,741.8
42,21,199,0,0,8132.999999999999
42,22,21,0,0,810.2
42,23,71,0,0,2749.7
42,24,8,0,0,0
42,25,69,0,0,2479.7
42,26,6,0,0,307.2
42,28,16,0,0,533
42,29,33,0,0,1289
42,31,9,0,0,279
42,32,21,0,0,1000.4
42,33,17,0,0,549
42,39,140,0,0,4910.2
42,40,114,0,0,5019.000000000001
42,41,202,0,0,8703.800000000001
42,42,98,0,0,3359.3
42,43,156,0,0,6087.700000000001
42,44,62,0,0,1775.8000000000002
42,45,29,0,0,1058.6
42,46,4,0,0,0
42,47,178,0,0,7722
42,48,6,0,0,202.8
42,50,16,0,0,91.2
42,51,3,0,0,0
42,52,5,0,0,0
42,70,2,0,0,0
42,77,52,0,0,2100.2
42,78,78,0,0,2882
42,82,102,0,0,4460
42,83,1812,0,0,79302.6
42,84,20,0,0,883.6
42,87,41,0,0,2021.8
42,88,85,0,0,3029.0000000000005
42,106,29,0,0,1293.3999999999999
42,109,11,0,0,398.7
42,110,1,0,0,0
42,111,579,0,0,22837.2
42,112,48,0,0,1939.8
42,113,47,0,0,1755.3
42,114,625,0,0,23782.6
42,115,635,0,0,24013.6
42,116,270,0,0,10332.3
42,119,418,0,0,14504.4
42,120,466,0,0,17142
42,121,409,0,0,15139.699999999997
43,15,954,0,0,33140.40000000001
43,16,198,0,0,7478.1
43,17,197,0,0,7447
43,18,48,0,0,1398.2
43,19,44,0,0,1308.5
43,20,34,0,0,844.2
43,21,84,0,0,2912.2
43,22,51,0,0,2253.3
43,23,61,0,0,1811.8
43,24,51,0,0,1397.8
43,25,92,0,0,2461.5
43,26,1,0,0,0
43,27,15,0,0,438
43,28,87,0,0,3399.7
43,30,9,0,0,186.9
43,31,12,0,0,349
43,39,32,0,0,471
43,41,9,0,0,220
43,42,44,0,0,1703.1
43,43,72,0,0,2895.8
43,44,87,0,0,2833.4
43,45,87,0,0,2934.7999999999997
43,46,42,0,0,1420.2
43,47,16,0,0,421.2
43,48,43,0,0,1276
43,49,36,0,0,1054.6999999999998
43,50,11,0,0,243
43,51,7,0,0,0
43,65,33,0,0,1064.6
43,68,21,0,0,1008.7
43,69,22,0,0,831.2
43,78,127,0,0,5297.1
43,83,1532,0,0,63513.2
43,84,136,0,0,3803.8
43,89,9,0,0,299.7
43,99,6,0,0,0
43,106,6,0,0,277.8
43,107,3,0,0,0
43,109,28,0,0,1122.5
43,110,359,0,0,13683.9
43,111,155,0,0,5499.9
43,112,176,0,0,6407.3
43,113,191,0,0,7629.8
43,114,234,0,0,9891.2
43,115,4,0,0,0
43,116,1333,0,0,51720.4
43,117,5,0,0,106
43,118,28,0,0,825
43,119,1512,0,0,59382.299999999996
43,120,414,0,0,15697
43,121,881,0,0,34494.799999999996
43,122,229,0,0,9053
44,15,88,0,0,3333.8
44,16,6212,0,0,228756.60000000003
44,17,2713,0,0,97763.3
44,18,115,0,0,4191.5
44,19,56,0,0,1608.9
44,20,26,0,0,939.8
44,21,173,0,0,5445.9
44,22,95,0,0,2952.2
44,23,33,0,0,947.7
44,24,1,0,0,0
44,25,45,0,0,1721.1000000000001
44,26,642,0,0,26069.6
44,27,14,0,0,570
44,30,19,0,0,579.9000000000001
44,31,2,0,0,0
44,35,27,0,0,474.3
44,36,4,0,0,0
44,38,40,0,0,1144.5
44,39,13,0,0,308
44,40,1,0,0,0
44,41,54,0,0,1833.1999999999998
44,42,40,0,0,931.2
44,43,1,0,0,0
44,45,11,0,0,205
44,46,4,0,0,0
44,47,2,0,0,0
44,48,14,0,0,385
44,49,4,0,0,0
44,50,1,0,0,0
44,65,53,0,0,2294.3
44,66,23,0,0,1002.8
44,68,67,0,0,2531.6000000000004
44,77,2,0,0,0
44,78,20,0,0,516.6
44,96,14,0,0,481.6
44,99,1,0,0,0
44,110,150,0,0,5874.5
44,111,1672,0,0,68039
44,112,11,0,0,558.8
44,113,3,0,0,0
44,114,61,0,0,1975.6
44,115,13,0,0,335.5
44,116,527,0,0,20742
44,117,101,0,0,3808.8
44,118,82,0,0,2941.8
44,119,157,0,0,6070.400000000001
44,120,311,0,0,12135.8
44,121,276,0,0,11018.199999999999
44,122,527,0,0,21954.199999999997
44,123,200,0,0,8082
45,16,1669,0,0,73765.7
45,17,4318,0,0,151195.59999999998
45,18,1472,0,0,52842.2
45,19,649,0,0,24245.800000000003
45,20,1710,0,0,67059.1
45,21,235,0,0,6884.799999999999
45,22,131,0,0,4466.299999999999
45,23,46,0,0,1327.6
45,24,8,0,0,0
45,25,39,0,0,1810.1999999999998
45,26,128,0,0,4794.400000000001
45,27,52,0,0,1964
45,28,7,0,0,319
45,29,41,0,0,1397.9
45,30,135,0,0,5142.3
45,31,172,0,0,7382.2
45,32,449,0,0,16623.1
45,33,6,0,0,340.2
45,34,72,0,0,2448.1000000000004
45,35,210,0,0,8361.3
45,36,25,0,0,745.5
45,38,237,0,0,9341.3
45,39,9,0,0,421.2
45,40,356,0,0,14610.900000000001
45,41,144,0,0,5982.500000000001
45,42,211,0,0,8485.199999999999
45,44,67,0,0,2574.7
45,45,115,0,0,4177.5
45,46,88,0,0,3643
45,49,12,0,0,367
45,50,6,0,0,0
45,52,1,0,0,0
45,55,6,0,0,172.8
45,64,18,0,0,776.2
45,65,1102,0,0,42807.7
45,66,1361,0,0,57092.700000000004
45,67,82,0,0,3421.4
45,68,302,0,0,12995.5
45,78,7,0,0,167.3
45,80,1,0,0,0
45,96,64,0,0,2470.3
45,97,1,0,0,0
45,98,2,0,0,0
45,109,15,0,0,566
45,110,126,0,0,5687.700000000001
45,111,1439,0,0,61381.200000000004
45,112,71,0,0,2960.2000000000003
45,113,2,0,0,0
45,114,146,0,0,5937.3
45,115,10,0,0,354
45,116,374,0,0,15462.9
45,117,132,0,0,5142.5
45,118,454,0,0,19772.5
45,119,390,0,0,15130.7
45,120,275,0,0,12763.100000000002
45,121,275,0,0,10879.5
45,122,887,0,0,34811.100000000006
45,123,1128,0,0,45889.4
46,17,3349,0,0,124445.7
46,18,5970,0,0,232845.09999999998
46,19,3017,0,0,106550.19999999998
46,20,1551,0,0,50157.69999999999
46,21,269,0,0,9662.2
46,22,145,0,0,4893.9
46,23,176,0,0,6443.5
46,24,54,0,0,1852.1
46,25,52,0,0,2090.4
46,27,13,0,0,418
46,28,22,0,0,953.2
46,29,21,0,0,926.8
46,31,87,0,0,3168
46,32,1,0,0,0
46,35,34,0,0,1485.1
46,36,25,0,0,1146
46,37,20,0,0,690.3
46,38,123,0,0,5438.9
46,39,44,0,0,1514
46,40,736,0,0,31605.7
46,41,176,0,0,7237
46,42,70,0,0,2314.3
46,44,41,0,0,1425.5
46,45,42,0,0,1877.8
46,50,6,0,0,349.2
46,55,4,0,0,0
46,60,7,0,0,291.9
46,64,145,0,0,5771.4
46,66,209,0,0,8713.099999999999
46,67,543,0,0,22992.100000000002
46,68,4,0,0,0
46,69,66,0,0,2479
46,74,4,0,0,0
46,80,5,0,0,0
46,82,3,0,0,0
46,96,22,0,0,481.3
46,97,2,0,0,0
46,108,44,0,0,2473
46,109,14,0,0,336
46,110,11,0,0,478.5
46,111,1136,0,0,46946.1
46,112,3,0,0,0
46,115,81,0,0,3034.2000000000003
46,116,38,0,0,1630.8000000000002
46,117,129,0,0,5046.800000000001
46,118,17,0,0,640.3
46,119,189,0,0,7367.7
46,120,93,0,0,3453.5
46,121,526,0,0,21460.600000000002
46,122,361,0,0,13628.5
46,123,10517,0,0,447326.7
46,124,2584,0,0,106509.5
47,18,2410,0,0,97784.59999999999
47,19,18690,0,0,749042.7000000002
47,20,670,0,0,25047.300000000007
47,21,189,0,0,7122.599999999999
47,22,73,0,0,2287.2
47,23,15,0,0,360
47,24,156,0,0,6291.1
47,25,106,0,0,3707.7999999999997
47,26,31,0,0,1062.7
47,29,57,0,0,1823.2
47,35,3,0,0,0
47,36,10,0,0,193.2
47,40,4,0,0,0
47,41,200,0,0,8687.7
47,42,1290,0,0,54473.5
47,43,178,0,0,6921.800000000001
47,44,335,0,0,14452.100000000002
47,45,20,0,0,1130.5
47,46,8,0,0,308.8
47,51,154,0,0,5965.1
47,53,14,0,0,306.4
47,55,1,0,0,0
47,56,7,0,0,312.9
47,59,3,0,0,0
47,62,21,0,0,833
47,63,90,0,0,3404.7
47,64,25,0,0,1193.6
47,65,9,0,0,351
47,66,79,0,0,3064.7999999999997
47,67,161,0,0,6369.4
47,69,146,0,0,5797.8
47,80,55,0,0,1814.6
47,91,6,0,0,202.2
47,96,280,0,0,11776.199999999999
47,108,13,0,0,334.2
47,110,20,0,0,496
47,111,15,0,0,633.7
47,113,3,0,0,0
47,114,127,0,0,5455.4
47,115,56,0,0,2187.1
47,116,60,0,0,1918.6
47,117,31,0,0,926.4000000000001
47,118,112,0,0,4017.4
47,119,351,0,0,13275.900000000001
47,120,156,0,0,5762.9
47,121,448,0,0,16406.5
47,122,685,0,0,26053.300000000003
47,123,6876,0,0,245560.9
47,124,297,0,0,8280.3
48,18,67,0,0,2943.8
48,19,3121,0,0,119098.00000000001
48,20,3937,0,0,152124.79999999996
48,21,292,0,0,11114
48,22,604,0,0,23827.1
48,23,275,0,0,9949.8
48,24,239,0,0,8421.9
48,25,336,0,0,11927.599999999999
48,26,130,0,0,4464.1
48,29,59,0,0,2443.3
48,31,2,0,0,0
48,32,32,0,0,1366.4
48,33,3,0,0,0
48,34,7,0,0,75
48,36,88,0,0,3783.3
48,37,5,0,0,173
48,38,76,0,0,3401.6
48,40,46,0,0,1798.7
48,41,79,0,0,2722.4
48,42,351,0,0,14104.399999999998
48,43,8,0,0,262.4
48,44,307,0,0,12658.9
48,45,63,0,0,2955.7999999999997
48,46,3,0,0,0
48,49,12,0,0,330.4
48,50,75,0,0,2678.4
48,51,2633,0,0,110770.1
48,55,18,0,0,649.5
48,58,1,0,0,0
48,59,1,0,0,0
48,60,153,0,0,5638
48,61,12,0,0,158.9
48,62,8,0,0,0
48,63,38,0,0,1569.6
48,64,7,0,0,0
48,65,6,0,0,238.2
48,66,27,0,0,915.6
48,67,89,0,0,3926.5
48,68,56,0,0,2043.3999999999999
48,69,208,0,0,7950.599999999999
48,72,2,0,0,0
48,73,61,0,0,2113.2
48,74,45,0,0,1394.9
48,79,10,0,0,396
48,80,122,0,0,4812.6
48,84,1,0,0,0
48,91,20,0,0,975.8
48,92,8,0,0,193.8
48,96,237,0,0,10467.5
48,103,11,0,0,420.2
48,104,7,0,0,0
48,105,20,0,0,807.8
48,106,66,0,0,3609
48,107,5,0,0,210
48,113,23,0,0,975.6
48,114,71,0,0,2524.4000000000005
48,115,391,0,0,16616.1
48,116,8,0,0,216
48,117,1,0,0,0
48,118,65,0,0,2218.8
48,120,65,0,0,2199.4
48,121,269,0,0,9625.099999999999
48,122,672,0,0,26954.8
48,123,682,0,0,24363.399999999998
48,124,104,0,0,4345.7
49,19,43,0,0,1925.6999999999998
49,20,576,0,0,24351.9
49,21,984,0,0,41835.1
49,22,2554,0,0,106888.90000000001
49,23,325,0,0,12151.8
49,24,19,0,0,334
49,25,548,0,0,21129
49,26,107,0,0,3797.3
49,27,43,0,0,2184.9
49,28,30,0,0,1142.5
49,32,15,0,0,498
49,33,98,0,0,3643.8
49,34,203,0,0,8716.9
49,35,49,0,0,1940.8
49,36,64,0,0,2454.2000000000003
49,37,9,0,0,324.9
49,38,19,0,0,408.8
49,40,16,0,0,586
49,41,32,0,0,1087
49,44,96,0,0,3904.8
49,45,1,0,0,0
49,47,2,0,0,0
49,48,33,0,0,1073.5
49,49,2,0,0,0
49,50,33,0,0,1007.5
49,51,661,0,0,27521.9
49,53,128,0,0,4932.6
49,54,2,0,0,0
49,55,4,0,0,0
49,56,66,0,0,3137
49,59,93,0,0,3710.8999999999996
49,60,5,0,0,242
49,64,4,0,0,0
49,65,2,0,0,0
49,67,2451,0,0,102072.7
49,68,273,0,0,10187.399999999998
49,69,130,0,0,4807.599999999999
49,72,20,0,0,829.6
49,73,580,0,0,21122.6
49,79,58,0,0,2003.4
49,80,18,0,0,656
49,91,9,0,0,211.8
49,92,186,0,0,7369.700000000001
49,95,869,0,0,37347.299999999996
49,96,90,0,0,3741.5
49,103,32,0,0,1395.2
49,104,100,0,0,3349.3
49,108,18,0,0,864
49,109,33,0,0,1093.4
49,110,4,0,0,0
49,111,8,0,0,336.8
49,112,65,0,0,2826.7000000000003
49,113,330,0,0,13785.599999999999
49,114,3,0,0,0
49,115,792,0,0,32360.500000000004
49,116,407,0,0,16084.5
49,117,97,0,0,3715.2999999999997
49,118,255,0,0,9658.9
49,119,171,0,0,6952.4
49,120,49,0,0,2065.8999999999996
49,121,261,0,0,10912.7
49,122,268,0,0,10607.3
49,123,43,0,0,1547.2
49,124,268,0,0,10589.199999999999
49,125,205,0,0,7756.299999999999
50,21,493,0,0,21439.700000000004
50,22,350,0,0,14214.400000000001
50,23,253,0,0,9369.1
50,24,432,0,0,16056.800000000001
50,25,115,0,0,3987.2000000000003
50,26,59,0,0,1986.6
50,27,18,0,0,295.2
50,28,472,0,0,19113.600000000002
50,29,30,0,0,893.4
50,33,175,0,0,6157.9
50,35,30,0,0,970.5
50,36,2,0,0,0
50,37,2,0,0,0
50,38,4,0,0,0
50,40,252,0,0,9276
50,41,86,0,0,3253.6
50,44,15,0,0,406.8
50,45,83,0,0,3530.7
50,47,172,0,0,6866.1
50,48,72,0,0,3099.5
50,50,2,0,0,0
50,51,525,0,0,22713.1
50,52,51,0,0,1902.6999999999998
50,53,341,0,0,13660.700000000003
50,54,92,0,0,3656.5
50,55,47,0,0,1652.3000000000002
50,56,31,0,0,1149
50,59,82,0,0,3750.8999999999996
50,63,17,0,0,586.5
50,67,11,0,0,388
50,68,483,0,0,19239.800000000003
50,69,1,0,0,0
50,71,14,0,0,345
50,72,967,0,0,36910.5
50,73,151,0,0,5783.3
50,76,3,0,0,0
50,77,4,0,0,0
50,78,348,0,0,14665.5
50,79,35,0,0,1370.7
50,92,35,0,0,1674.1
50,93,41,0,0,1301
50,95,520,0,0,20697.6
50,96,8,0,0,484.8
50,103,73,0,0,3080.2999999999997
50,108,7,0,0,251.3
50,113,1,0,0,0
50,116,266,0,0,10317.5
50,117,162,0,0,6244.8
50,118,737,0,0,31277.199999999997
50,119,125,0,0,5146.9
50,121,77,0,0,2551
50,122,76,0,0,3186.9
50,123,17,0,0,746.4
50,124,21,0,0,767.8
50,125,117,0,0,5157
50,126,4,0,0,0
50,127,38,0,0,1226.4
51,21,7,0,0,259
51,22,245,0,0,11778.099999999999
51,23,465,0,0,17928.800000000003
51,24,549,0,0,22319.500000000004
51,25,547,0,0,21693.699999999997
51,26,719,0,0,27086.3
51,27,514,0,0,21025.3
51,28,618,0,0,25552.2
51,30,2,0,0,0
51,31,5,0,0,148
51,32,20,0,0,928.6
51,33,1028,0,0,42568.7
51,34,212,0,0,8022.099999999999
51,35,5,0,0,268
51,37,2,0,0,0
51,38,114,0,0,4975.4
51,39,32,0,0,1092.5
51,40,327,0,0,12213.800000000001
51,44,394,0,0,16840.800000000003
51,45,108,0,0,3889.9
51,46,28,0,0,976.4
51,47,7,0,0,245
51,48,1,0,0,0
51,51,3,0,0,0
51,52,39,0,0,1401
51,53,497,0,0,23789.7
51,54,256,0,0,10581
51,55,9,0,0,219.6
51,58,2,0,0,0
51,59,502,0,0,20006.500000000004
51,63,112,0,0,5054.1
51,65,4,0,0,0
51,68,646,0,0,26695.700000000004
51,70,1,0,0,0
51,71,108,0,0,3647.7000000000003
51,72,63,0,0,2675.7
51,76,17,0,0,381.4
51,78,155,0,0,5978.2
51,79,93,0,0,4424.8
51,80,2,0,0,0
51,93,9,0,0,336.6
51,94,190,0,0,7558.200000000001
51,95,170,0,0,7933.6
51,103,229,0,0,9097.5
51,107,16,0,0,408
51,112,15,0,0,395
51,113,13,0,0,625.3
51,115,66,0,0,2186.8
51,116,105,0,0,4255.200000000001
51,117,225,0,0,9811.099999999999
51,118,431,0,0,19081.199999999997
51,119,142,0,0,5665.1
51,120,129,0,0,5795.7
51,121,40,0,0,1708.2
51,122,216,0,0,8916.3
51,123,52,0,0,2272.9
51,124,46,0,0,1875.6999999999998
51,125,172,0,0,8122
51,126,2,0,0,0
51,127,39,0,0,1423.7
52,23,172,0,0,6463.4
52,24,1781,0,0,68187
52,25,121,0,0,4222.4
52,26,36,0,0,1264.1
52,27,146,0,0,5530.500000000001
52,28,134,0,0,5383.9
52,29,398,0,0,14399.5
52,30,388,0,0,17730.2
52,31,24,0,0,835.5
52,32,171,0,0,6281.999999999999
52,33,486,0,0,21029.9
52,34,35,0,0,1448.2
52,35,2,0,0,0
52,36,1,0,0,0
52,37,1837,0,0,80048.5
52,38,386,0,0,16072.3
52,39,968,0,0,33976
52,40,3536,0,0,142431.1
52,41,127,0,0,4346.099999999999
52,43,1,0,0,0
52,44,292,0,0,11439.6
52,45,29,0,0,977.5
52,46,316,0,0,13223.100000000002
52,47,156,0,0,6295.299999999999
52,48,1,0,0,0
52,49,33,0,0,920
52,50,34,0,0,1128.5
52,51,12,0,0,296
52,52,5,0,0,0
52,53,6,0,0,262.8
52,54,3,0,0,0
52,55,8,0,0,260.8
52,56,2,0,0,0
52,59,321,0,0,12814.699999999999
52,60,30,0,0,1232.4
52,61,18,0,0,472.7
52,63,2,0,0,0
52,64,5,0,0,0
52,65,14,0,0,425
52,68,200,0,0,7374.4
52,69,6,0,0,149
52,70,96,0,0,3878.6000000000004
52,71,24,0,0,975.6
52,72,1,0,0,0
52,73,4,0,0,0
52,79,306,0,0,11634.3
52,94,1012,0,0,42423.700000000004
52,95,19,0,0,703.2
52,102,133,0,0,5473.799999999999
52,103,18,0,0,782.4
52,113,140,0,0,5419.999999999999
52,114,143,0,0,5770.6
52,115,18,0,0,970.6
52,116,14,0,0,296.8
52,117,35,0,0,1201.3
52,118,36,0,0,1011
52,119,45,0,0,1892.1
52,120,122,0,0,5551.9
52,121,41,0,0,1966.6999999999998
52,122,210,0,0,8177.2
52,123,386,0,0,17204.4
52,124,21,0,0,894.1
52,125,16,0,0,382.8
52,126,58,0,0,2539.4
52,127,8,0,0,354
53,23,7,0,0,375.9
53,24,3198,0,0,140625.40000000002
53,25,167,0,0,5939.7
53,26,32,0,0,932.7
53,27,34,0,0,1309.4
53,28,115,0,0,4059.8
53,30,188,0,0,6222.6
53,31,71,0,0,2743
53,32,144,0,0,6024.8
53,35,11,0,0,457.6
53,36,56,0,0,2100.7
53,37,333,0,0,14540.399999999998
53,38,165,0,0,5939.4
53,39,1239,0,0,50794.90000000001
53,40,661,0,0,26172.400000000005
53,41,51,0,0,1904.9
53,42,58,0,0,1957.8
53,43,30,0,0,1062.3
53,44,789,0,0,32953.700000000004
53,46,148,0,0,5206.4
53,47,6,0,0,0
53,48,28,0,0,903.8
53,49,82,0,0,2916.4
53,50,71,0,0,2892.2
53,51,6,0,0,295.2
53,53,5,0,0,0
53,54,3,0,0,0
53,55,21,0,0,708.5
53,56,130,0,0,5546.5
53,57,186,0,0,7515.4
53,58,156,0,0,6267.999999999999
53,59,500,0,0,22113.8
53,60,79,0,0,3190.2
53,64,1,0,0,0
53,65,82,0,0,3293.4
53,68,1428,0,0,54935.5
53,69,897,0,0,35802
53,70,145,0,0,5889
53,72,2,0,0,0
53,73,39,0,0,1484.7
53,74,1,0,0,0
53,77,5,0,0,0
53,78,414,0,0,17773.399999999998
53,79,92,0,0,4310
53,80,5,0,0,0
53,81,43,0,0,1819.2
53,83,1,0,0,0
53,94,115,0,0,4869.1
53,95,196,0,0,7305.799999999999
53,101,42,0,0,1611.6000000000001
53,102,41,0,0,1283.8
53,111,2,0,0,0
53,112,500,0,0,17762.4
53,113,405,0,0,16303.1
53,114,162,0,0,6577.4
53,115,90,0,0,3839.5
53,116,67,0,0,2517.5
53,117,61,0,0,2235.8
53,118,154,0,0,6699.3
53,119,26,0,0,808.7
53,120,84,0,0,2983.2999999999997
53,121,68,0,0,3070.8999999999996
53,122,70,0,0,2518.4
53,123,71,0,0,2962
53,124,33,0,0,1103
53,125,55,0,0,2182.8
53,126,222,0,0,8635
53,127,2,0,0,0
54,25,88,0,0,3517.6
54,26,91,0,0,3571.5
54,27,121,0,0,4579.7
54,28,1511,0,0,58958.299999999996
54,29,298,0,0,10928.3
54,30,51,0,0,1500
54,31,13,0,0,495.6
54,32,17,0,0,636.8
54,33,1,0,0,0
54,34,10,0,0,336.7
54,35,3,0,0,0
54,36,1445,0,0,59871.3
54,37,1354,0,0,54086.3
54,38,114,0,0,4165.700000000001
54,39,921,0,0,37112.1
54,40,14,0,0,950.6
54,41,1,0,0,0
54,42,61,0,0,2311.2
54,43,2110,0,0,93594.4
54,44,258,0,0,10149.2
54,45,82,0,0,3432.7
54,46,43,0,0,1182.3
54,47,8,0,0,314
54,50,3,0,0,0
54,52,1,0,0,0
54,53,25,0,0,939
54,54,469,0,0,20412.399999999998
54,55,38,0,0,1526.9
54,56,10,0,0,0
54,58,14,0,0,464
54,64,1,0,0,0
54,65,310,0,0,12977.6
54,66,12,0,0,368.1
54,67,113,0,0,4920.3
54,68,1154,0,0,50195.4
54,69,464,0,0,18545.4
54,70,6,0,0,0
54,71,20,0,0,309
54,72,5,0,0,0
54,73,11,0,0,266.4
54,74,2,0,0,0
54,75,29,0,0,1153.4
54,76,3,0,0,0
54,77,95,0,0,3825.9000000000005
54,78,340,0,0,14518.199999999999
54,79,46,0,0,1600.4
54,80,338,0,0,12015.8
54,81,231,0,0,8862.699999999999
54,94,336,0,0,13862
54,95,67,0,0,3066.9
54,100,175,0,0,6802.000000000001
54,101,160,0,0,6461.900000000001
54,112,1474,0,0,56244.100000000006
54,113,2405,0,0,107112.20000000001
54,114,18,0,0,732
54,115,264,0,0,10914.8
54,116,68,0,0,2580.8999999999996
54,117,398,0,0,15539.6
54,118,160,0,0,5320.999999999999
54,119,98,0,0,4211.3
54,120,136,0,0,5209.099999999999
54,121,7,0,0,363.3
54,123,137,0,0,5479.099999999999
54,124,42,0,0,1836.5
54,125,144,0,0,6250.199999999999
54,126,71,0,0,2462
54,127,144,0,0,5689.3
55,26,246,0,0,9636.6
55,27,5563,0,0,240214.5
55,28,2051,0,0,80764.9
55,29,53,0,0,1749.5
55,30,70,0,0,3035.3
55,32,32,0,0,1156
55,33,104,0,0,3647.6
55,34,133,0,0,5577.200000000001
55,35,51,0,0,1755.8
55,36,675,0,0,27154.8
55,37,130,0,0,5254.299999999999
55,38,6,0,0,211.2
55,39,280,0,0,11326.7
55,40,606,0,0,23051.100000000002
55,41,292,0,0,12314.500000000002
55,42,617,0,0,25152.099999999995
55,43,7430,0,0,304862.3
55,44,319,0,0,12056.3
55,45,18,0,0,542.4
55,46,58,0,0,2308.9
55,47,57,0,0,2304.8
55,53,249,0,0,9858.7
55,54,107,0,0,4478.9
55,58,1,0,0,0
55,60,11,0,0,397
55,64,54,0,0,2110.3999999999996
55,65,1830,0,0,78730.8
55,66,570,0,0,23511.3
55,67,106,0,0,4543.1
55,68,8,0,0,289
55,70,21,0,0,913
55,72,2,0,0,0
55,75,253,0,0,9518
55,76,638,0,0,24880.600000000002
55,77,620,0,0,26716.3
55,78,212,0,0,8899.4
55,79,334,0,0,11857.4
55,80,85,0,0,4005.3
55,93,5,0,0,169
55,94,151,0,0,6220.3
55,99,5,0,0,148
55,100,428,0,0,18673.8
55,112,709,0,0,28328.9
55,114,26,0,0,1173.1
55,115,7,0,0,412.3
55,116,160,0,0,6942.799999999999
55,117,77,0,0,3210.6000000000004
55,118,123,0,0,5052.7
55,119,374,0,0,16821.399999999998
55,120,485,0,0,17934.8
55,121,34,0,0,1256.4
55,122,129,0,0,5681.7
55,123,249,0,0,11077.5
55,124,50,0,0,1695
55,125,77,0,0,3050.3
55,126,852,0,0,36120.6
55,127,89,0,0,3916.0999999999995
56,27,247,0,0,9368.8
56,28,121,0,0,4738
56,29,187,0,0,6893.9
56,30,3,0,0,0
56,32,49,0,0,1841.9
56,33,149,0,0,5668.6
56,34,166,0,0,5749.700000000001
56,35,445,0,0,18181.1
56,36,44,0,0,1391.1999999999998
56,37,25,0,0,1134.9
56,40,3,0,0,0
56,43,3,0,0,0
56,46,40,0,0,1679.8000000000002
56,47,26,0,0,880.7
56,49,2,0,0,0
56,50,41,0,0,1533.4
56,51,123,0,0,5202.6
56,52,254,0,0,11050.5
56,53,123,0,0,4709.099999999999
56,58,94,0,0,3798.4
56,59,67,0,0,2663.2000000000003
56,60,1,0,0,0
56,61,5,0,0,85
56,63,231,0,0,9381.3
56,64,122,0,0,5388.1
56,65,21,0,0,492.9
56,66,2,0,0,0
56,70,5,0,0,178
56,71,20,0,0,660.4
56,72,18,0,0,637
56,74,133,0,0,5053.7
56,75,467,0,0,19234.100000000002
56,76,270,0,0,9961.7
56,77,632,0,0,24743.9
56,78,809,0,0,35793.2
56,79,108,0,0,4302.8
56,89,3,0,0,0
56,92,4,0,0,0
56,93,64,0,0,2124.2
56,94,292,0,0,10858.1
56,95,31,0,0,1449.5
56,96,64,0,0,2562.9
56,99,19,0,0,815.6
56,100,259,0,0,11225.6
56,101,10,0,0,256
56,102,10,0,0,221.2
56,111,27,0,0,1086
56,112,79,0,0,3195.1
56,113,2,0,0,0
56,115,110,0,0,4246.8
56,116,35,0,0,1477
56,118,105,0,0,3822.1000000000004
56,119,2514,0,0,101249.49999999999
56,120,112,0,0,4340
56,121,52,0,0,1799.7
56,124,59,0,0,3189.0000000000005
56,126,4,0,0,0
56,127,156,0,0,6025
57,27,76,0,0,2946.8999999999996
57,28,32,0,0,1283.1
57,29,768,0,0,30748.800000000003
57,30,228,0,0,10093.1
57,31,20,0,0,407
57,32,1197,0,0,45759.7
57,33,565,0,0,24402.799999999996
57,34,1782,0,0,70716.40000000001
57,35,8365,0,0,320988.3
57,36,200,0,0,7492.799999999999
57,37,35,0,0,1264.4
57,39,20,0,0,342
57,40,3,0,0,0
57,43,3,0,0,0
57,44,52,0,0,1711.3
57,46,139,0,0,4324.3
57,49,324,0,0,13567.1
57,50,56,0,0,1762.3000000000002
57,51,81,0,0,3059.8
57,56,81,0,0,2819.6000000000004
57,57,101,0,0,4413.400000000001
57,58,397,0,0,17600.000000000004
57,62,86,0,0,3682.8
57,69,3,0,0,0
57,72,70,0,0,2024
57,74,1121,0,0,46874.899999999994
57,75,1038,0,0,43265.30000000001
57,76,609,0,0,24844
57,77,29,0,0,1197.7
57,78,6,0,0,163
57,79,2,0,0,0
57,91,62,0,0,2094.8
57,92,7,0,0,204
57,93,4,0,0,0
57,94,991,0,0,46244.200000000004
57,95,256,0,0,10471
57,96,24,0,0,924
57,99,206,0,0,7439
57,100,32,0,0,862.3
57,108,5,0,0,132
57,111,67,0,0,1992.7999999999997
57,115,8,0,0,212.8
57,119,122,0,0,4857.2
57,121,22,0,0,697.8
57,124,40,0,0,1570.4
57,127,59,0,0,2375.1
58,29,305,0,0,11962.8
58,30,354,0,0,12835.500000000002
58,31,1814,0,0,64690.399999999994
58,32,4459,0,0,167143.2
58,33,18129,0,0,745946.3
58,34,16050,0,0,636718.1
58,35,16376,0,0,662745.8000000002
58,36,1019,0,0,38432.799999999996
58,37,87,0,0,3081.1
58,39,13,0,0,263.2
58,40,12,0,0,189
58,42,12,0,0,258.4
58,44,12,0,0,294
58,45,3,0,0,0
58,46,247,0,0,9566.3
58,47,4,0,0,0
58,48,28,0,0,1279.8
58,49,158,0,0,6495.900000000001
58,50,200,0,0,8388.699999999999
58,51,135,0,0,4317.900000000001
58,52,43,0,0,1775.1999999999998
58,53,17,0,0,761.6
58,54,195,0,0,7582.700000000001
58,55,261,0,0,11326.800000000001
58,56,176,0,0,5961.5
58,58,5,0,0,0
58,62,155,0,0,6404.799999999999
58,68,4,0,0,0
58,69,2,0,0,0
58,72,6,0,0,127
58,73,376,0,0,14471.499999999998
58,74,1370,0,0,56025
58,75,50,0,0,1938.3999999999999
58,89,29,0,0,1124.1
58,90,58,0,0,2334.2
58,91,159,0,0,6672.6
58,92,2,0,0,0
58,93,1,0,0,0
58,94,884,0,0,35600.700000000004
58,95,109,0,0,4961.2
58,98,207,0,0,7920.4
58,99,1446,0,0,60825.799999999996
58,108,10,0,0,330.4
58,109,14,0,0,231
58,110,43,0,0,1547.8
58,111,4,0,0,0
58,119,207,0,0,8266
58,120,18,0,0,597.5
58,121,4,0,0,0
58,123,3,0,0,0
58,124,100,0,0,4148.8
58,127,86,0,0,2999.8999999999996
59,30,4801,0,0,186510.00000000003
59,31,6413,0,0,261228.60000000003
59,32,8618,0,0,331755.2000000001
59,33,4722,0,0,181762.50000000003
59,34,1311,0,0,60041.3
59,35,120,0,0,4462.7
59,36,1645,0,0,62237.7
59,37,255,0,0,9351.2
59,38,10,0,0,340.9
59,39,5,0,0,0
59,42,91,0,0,3413.4999999999995
59,43,567,0,0,21088.5
59,44,6600,0,0,235402.39999999997
59,45,11508,0,0,479325.39999999997
59,46,325,0,0,12115.800000000001
59,47,225,0,0,8858.599999999999
59,48,573,0,0,22143.4
59,49,486,0,0,19346.7
59,50,20,0,0,594.3
59,51,63,0,0,2743.7
59,52,28,0,0,709.8
59,53,196,0,0,8324.4
59,54,130,0,0,4839.5
59,55,8,0,0,250.2
59,56,42,0,0,1883.9
59,57,10,0,0,0
59,60,1,0,0,0
59,61,50,0,0,1907.9
59,62,409,0,0,17602.500000000004
59,69,3,0,0,0
59,71,150,0,0,5599.7
59,72,107,0,0,4469.8
59,73,998,0,0,42131.9
59,74,3,0,0,0
59,75,2,0,0,0
59,76,91,0,0,3036.5
59,85,4,0,0,0
59,86,1,0,0,0
59,91,148,0,0,6334.6
59,92,434,0,0,18636.8
59,93,608,0,0,24117.600000000002
59,94,227,0,0,9606.8
59,96,141,0,0,6295.799999999999
59,97,675,0,0,31394.8
59,98,110,0,0,4174.799999999999
59,109,108,0,0,4241.3
59,110,40,0,0,1593.7
59,113,10,0,0,397.2
59,119,39,0,0,1577.9
59,120,121,0,0,5114.200000000001
59,122,5,0,0,184
59,124,222,0,0,9072
59,125,63,0,0,2504.9
59,126,9,0,0,160
60,29,690,0,0,28917.5
60,30,312,0,0,13766.699999999999
60,31,51,0,0,1613.6
60,32,677,0,0,27599.499999999996
60,33,65,0,0,2423.3
60,34,170,0,0,6399.299999999999
60,35,201,0,0,7625.1
60,36,265,0,0,10890.2
60,37,1,0,0,0
60,43,411,0,0,16371.299999999997
60,44,628,0,0,25786.3
60,45,1840,0,0,65496.60000000001
60,46,44,0,0,1389
60,47,42,0,0,1166.5
60,48,3,0,0,0
60,49,11,0,0,235.8
60,50,12,0,0,298.8
60,51,19,0,0,504
60,52,12,0,0,295.9
60,53,813,0,0,37058.2
60,55,6,0,0,0
60,56,620,0,0,25455.3
60,57,198,0,0,7531.199999999999
60,58,34,0,0,748
60,59,5,0,0,109
60,60,42,0,0,1592.8
60,61,212,0,0,8832.8
60,66,11,0,0,459.2
60,67,2,0,0,0
60,70,394,0,0,14313.3
60,71,800,0,0,34267.6
60,72,133,0,0,5060.6
60,73,3,0,0,0
60,74,8,0,0,203.7
60,75,40,0,0,1265.2
60,76,64,0,0,2692.4
60,85,15,0,0,346
60,86,255,0,0,11701.800000000001
60,87,53,0,0,2215.4
60,90,11,0,0,466.2
60,91,291,0,0,11663.999999999996
60,92,52,0,0,1856.1
60,93,100,0,0,3799.4
60,94,4,0,0,0
60,95,226,0,0,9473.1
60,96,50,0,0,2039.0000000000002
60,97,17,0,0,913.2
60,100,3,0,0,0
60,110,18,0,0,467.5
60,112,19,0,0,660.8
60,120,272,0,0,11466.500000000002
60,122,2,0,0,0
60,123,3,0,0,0
60,124,74,0,0,2652.8
60,125,106,0,0,4303.5
60,126,2774,0,0,111883
60,127,44,0,0,1668.1
61,29,575,0,0,24398.6
61,30,1101,0,0,41806.799999999996
61,31,55,0,0,1888.2
61,32,166,0,0,6161.1
61,33,99,0,0,4193.8
61,34,56,0,0,1574.6000000000001
61,35,47,0,0,1332.7
61,36,150,0,0,5576.9
61,37,435,0,0,17178.699999999997
61,38,2,0,0,0
61,39,31,0,0,783.8
61,40,17,0,0,472
61,41,260,0,0,10465.5
61,42,221,0,0,9013.3
61,43,283,0,0,10573.2
61,44,27,0,0,920.7
61,45,801,0,0,31040.600000000002
61,46,89,0,0,3791.9999999999995
61,47,1010,0,0,29506.899999999998
61,48,14,0,0,604.5
61,49,58,0,0,2429.5
61,50,144,0,0,5830.5
61,51,178,0,0,7329.799999999999
61,52,517,0,0,19519.5
61,53,102,0,0,4358.2
61,54,17,0,0,928.1
61,55,481,0,0,20266.9
61,56,106,0,0,4146.2
61,57,45,0,0,1317.8
61,58,47,0,0,2213.6
61,59,19,0,0,855.9
61,60,32,0,0,1370.8
61,66,184,0,0,7538.9
61,67,1,0,0,0
61,69,124,0,0,5038.799999999999
61,70,232,0,0,8043.700000000001
61,71,20,0,0,476
61,72,399,0,0,16696.8
61,73,217,0,0,9826
61,74,111,0,0,4323.200000000001
61,75,73,0,0,2237.3
61,76,36,0,0,1032.1
61,77,1,0,0,0
61,84,18,0,0,1016
61,85,10,0,0,410
61,86,11,0,0,357.5
61,87,182,0,0,7568.6
61,88,5,0,0,127
61,90,261,0,0,11035.5
61,91,22,0,0,963
61,92,760,0,0,29608
61,93,529,0,0,21432.500000000004
61,94,213,0,0,8015.200000000001
61,95,18,0,0,607.6
61,100,4,0,0,0
61,110,108,0,0,4366.8
61,111,18,0,0,501.2
61,112,14,0,0,438.2
61,120,653,0,0,29532.699999999997
61,121,564,0,0,22810
61,126,207,0,0,7120.5
61,127,83,0,0,3067.7999999999997
62,29,571,0,0,25179.7
62,30,6249,0,0,247000.2
62,31,4198,0,0,161251.3
62,32,5,0,0,0
62,33,89,0,0,3057.4
62,34,1340,0,0,51300.899999999994
62,35,205,0,0,8328.5
62,36,416,0,0,14935
62,37,76,0,0,2456.9
62,38,383,0,0,14337.699999999999
62,39,1010,0,0,44697.5
62,40,1,0,0,0
62,41,212,0,0,8762.5
62,42,10,0,0,275.8
62,43,4,0,0,0
62,44,28,0,0,1098.1
62,45,120,0,0,4350.4
62,46,3499,0,0,139586.5
62,47,7235,0,0,293459.1
62,48,876,0,0,33618
62,49,1060,0,0,39891
62,50,717,0,0,28395.3
62,51,254,0,0,10856.5
62,52,209,0,0,8177
62,53,195,0,0,7816.6
62,54,94,0,0,3017
62,55,435,0,0,18566.5
62,57,63,0,0,3080.6
62,58,22,0,0,355
62,59,5,0,0,0
62,60,40,0,0,1742.6999999999998
62,61,5,0,0,0
62,64,87,0,0,3099.8999999999996
62,65,223,0,0,9028.599999999999
62,66,239,0,0,10620.1
62,67,95,0,0,3581.8
62,68,100,0,0,3677.7999999999997
62,69,37,0,0,1198.4
62,70,94,0,0,3247.2000000000003
62,71,113,0,0,4518.7
62,72,83,0,0,3374.8
62,73,12,0,0,222
62,74,18,0,0,591
62,75,40,0,0,1145
62,77,2,0,0,0
62,83,17,0,0,615
62,87,104,0,0,4007.8
62,89,149,0,0,7115.6
62,90,254,0,0,10749.300000000001
62,91,555,0,0,22319.1
62,92,2024,0,0,87261.5
62,93,76,0,0,2924.8
62,94,17,0,0,630.7
62,101,2,0,0,0
62,109,16,0,0,424.9
62,110,128,0,0,4760.200000000001
62,120,110,0,0,4134.9
62,121,200,0,0,7870.299999999999
62,122,69,0,0,3089.3999999999996
62,124,3,0,0,0
62,126,10,0,0,372
62,127,138,0,0,4900.6
63,30,4030,0,0,172154.00000000003
63,31,16009,0,0,661765.6000000002
63,32,1270,0,0,45725.3
63,33,447,0,0,16604.9
63,34,377,0,0,14209.6
63,35,99,0,0,2953.1
63,36,117,0,0,3563.7999999999997
63,37,96,0,0,3807.1
63,38,35,0,0,1357
63,39,205,0,0,8437.3
63,40,1046,0,0,43953.200000000004
63,41,529,0,0,20939.8
63,42,4,0,0,0
63,43,164,0,0,6163.8
63,44,79,0,0,2429.2
63,46,4028,0,0,163708.8
63,47,6135,0,0,226900.5
63,48,75,0,0,2798.7
63,49,703,0,0,28812.5
63,50,4863,0,0,196456.69999999998
63,51,1375,0,0,52363.80000000001
63,52,601,0,0,23265.199999999997
63,53,16,0,0,588.8
63,54,2,0,0,0
63,57,713,0,0,30899.1
63,58,74,0,0,3930
63,59,24,0,0,918.2
63,60,77,0,0,2456.7
63,64,48,0,0,1912.2
63,66,173,0,0,8053.200000000001
63,67,64,0,0,3286.6000000000004
63,70,47,0,0,1803.7
63,71,85,0,0,2876.3
63,72,1,0,0,0
63,73,5,0,0,262
63,74,10,0,0,0
63,75,3,0,0,0
63,82,51,0,0,1784
63,86,5,0,0,0
63,87,455,0,0,17657.9
63,88,193,0,0,7324.3
63,89,912,0,0,38063.5
63,90,58,0,0,2245.8
63,92,8,0,0,224.7
63,94,6,0,0,292.8
63,102,20,0,0,567.2
63,107,12,0,0,324.6
63,110,249,0,0,9644.300000000001
63,111,53,0,0,1965.4
63,116,5,0,0,130
63,119,52,0,0,1493.1
63,120,2,0,0,0
63,121,109,0,0,4655.799999999999
63,122,104,0,0,3893.2999999999997
63,123,23,0,0,745.0999999999999
63,124,23,0,0,565
63,127,59,0,0,1975.5
64,30,442,0,0,18743.5
64,31,2754,0,0,105224.2
64,32,3723,0,0,138607.4
64,33,3000,0,0,118341.7
64,34,1165,0,0,40884.8
64,35,325,0,0,12590.000000000002
64,36,704,0,0,26056.499999999996
64,37,595,0,0,19756.500000000004
64,38,640,0,0,24955.1
64,39,308,0,0,11838.4
64,40,205,0,0,7291.799999999999
64,41,1678,0,0,66635.1
64,42,711,0,0,27766.6
64,43,231,0,0,9040
64,46,6416,0,0,241502.40000000005
64,47,6900,0,0,253936
64,50,65,0,0,2507.1
64,51,2774,0,0,120507.4
64,52,658,0,0,25113.599999999995
64,53,772,0,0,31049.1
64,56,45,0,0,1787.1
64,57,370,0,0,13156.400000000001
64,58,16,0,0,520.4
64,64,52,0,0,2039.4
64,65,13,0,0,261
64,66,118,0,0,4715.799999999999
64,70,44,0,0,1315.7
64,71,224,0,0,8049.299999999999
64,72,1,0,0,0
64,74,8,0,0,177
64,75,96,0,0,4337.2
64,77,6,0,0,349.2
64,81,39,0,0,2082.8
64,82,115,0,0,4609
64,85,13,0,0,580.8
64,86,21,0,0,897.7
64,87,925,0,0,38661.799999999996
64,88,2402,0,0,100835.20000000001
64,89,198,0,0,7792.3
64,90,4,0,0,0
64,91,3,0,0,0
64,101,13,0,0,154
64,103,3,0,0,0
64,106,12,0,0,487.9
64,107,32,0,0,1406.4
64,108,184,0,0,7037.8
64,109,302,0,0,11186.6
64,110,551,0,0,20485.8
64,111,127,0,0,4868.8
64,113,5,0,0,142
64,114,71,0,0,2813.2
64,119,2,0,0,0
64,121,23,0,0,570
64,122,10,0,0,174
64,123,54,0,0,1566.6000000000001
64,124,7,0,0,249.2
64,127,42,0,0,1553.9
65,30,164,0,0,6734.8
65,31,1543,0,0,63310.100000000006
65,32,21474,0,0,880622.6
65,33,11902,0,0,459461.6999999999
65,34,849,0,0,29928.1
65,35,563,0,0,20505.199999999997
65,36,2390,0,0,92076.90000000002
65,37,483,0,0,16077.2
65,38,577,0,0,20966.4
65,39,700,0,0,25636.500000000004
65,40,316,0,0,11672
65,41,709,0,0,25752
65,42,579,0,0,27714.300000000003
65,43,1476,0,0,61233.8
65,44,149,0,0,4990.8
65,45,4197,0,0,155193.2
65,46,28788,0,0,1130390.9
65,47,831,0,0,35926.899999999994
65,48,28,0,0,1107.6000000000001
65,52,123,0,0,5218.900000000001
65,53,151,0,0,6072.200000000001
65,54,1517,0,0,57523.200000000004
65,55,1,0,0,0
65,56,293,0,0,12028.4
65,57,177,0,0,6524.3
65,59,31,0,0,1268.6
65,60,195,0,0,7249.3
65,61,127,0,0,5507.2
65,62,113,0,0,4366.599999999999
65,63,47,0,0,2360.5
65,64,197,0,0,9222.7
65,65,135,0,0,6337.1
65,70,111,0,0,4180.5
65,71,417,0,0,16553.7
65,73,228,0,0,10074
65,74,183,0,0,7653
65,75,28,0,0,831.3
65,76,2,0,0,0
65,81,80,0,0,3466.4
65,82,19,0,0,736.5
65,86,10,0,0,428
65,87,973,0,0,37417.8
65,88,5,0,0,0
65,89,2,0,0,0
65,100,20,0,0,991.1
65,101,115,0,0,4327.3
65,109,81,0,0,2993.8
65,110,4227,0,0,174347.2
65,114,68,0,0,2483.5
65,120,94,0,0,3469
65,121,549,0,0,23885
65,122,152,0,0,6118.2
65,123,186,0,0,6947.3
65,124,61,0,0,2384.4999999999995
65,125,69,0,0,2408.9
65,126,6,0,0,250.2
65,127,31,0,0,932
66,31,62,0,0,2350.4
66,32,545,0,0,21575.400000000005
66,33,1304,0,0,50243.69999999998
66,34,5020,0,0,201743.4
66,35,2081,0,0,69280.9
66,36,1784,0,0,68679.29999999999
66,37,1114,0,0,40093.40000000001
66,38,2277,0,0,85401.29999999999
66,39,1957,0,0,74289.70000000001
66,40,5242,0,0,220796.3
66,41,2870,0,0,110368.59999999999
66,42,2692,0,0,97057.2
66,43,1177,0,0,41794.3
66,44,2075,0,0,74299.2
66,45,9418,0,0,333705.5999999999
66,46,22418,0,0,901760.6000000001
66,47,6653,0,0,264430.9
66,48,2585,0,0,104291.8
66,49,1128,0,0,40535.50000000001
66,50,59,0,0,2167.2
66,51,8,0,0,305.2
66,52,22,0,0,667.2
66,53,835,0,0,34113.8
66,54,719,0,0,28728.800000000003
66,55,625,0,0,25181.6
66,56,2899,0,0,116139.79999999999
66,57,392,0,0,16100.099999999999
66,58,1118,0,0,43603.200000000004
66,59,264,0,0,10247.999999999998
66,60,5,0,0,99
66,61,25,0,0,1074.5
66,62,2,0,0,0
66,63,16,0,0,652
66,64,11,0,0,270
66,69,38,0,0,1235
66,70,2472,0,0,101288.3
66,71,1050,0,0,49594.99999999999
66,72,246,0,0,9692.099999999999
66,73,229,0,0,9602.4
66,74,322,0,0,13331.199999999999
66,75,71,0,0,2568
66,78,2,0,0,0
66,79,23,0,0,1147.6999999999998
66,80,116,0,0,5087.3
66,81,56,0,0,2375.7999999999997
66,84,1,0,0,0
66,85,7,0,0,0
66,86,1034,0,0,43027
66,87,726,0,0,33634.899999999994
66,88,84,0,0,2892.2
66,89,33,0,0,1199.8
66,99,3,0,0,0
66,100,158,0,0,6143.200000000001
66,101,20,0,0,600.8
66,110,123,0,0,4005
66,111,101,0,0,3592.0000000000005
66,116,1,0,0,0
66,117,94,0,0,4156.900000000001
66,118,249,0,0,10662.900000000001
66,119,411,0,0,17709.299999999996
66,120,751,0,0,36274.5
66,121,538,0,0,23848.7
66,122,1066,0,0,42766.200000000004
66,123,103,0,0,3690.6
66,124,49,0,0,1823.2
66,125,128,0,0,4704.8
66,126,17,0,0,626
67,31,957,0,0,42429.100000000006
67,32,2935,0,0,119181.7
67,33,2989,0,0,118498.6
67,34,4709,0,0,181214.9
67,35,21957,0,0,874964.4999999999
67,36,7711,0,0,301133.30000000005
67,37,702,0,0,26380.100000000002
67,38,2494,0,0,87523.29999999999
67,39,1181,0,0,44027.49999999999
67,40,1245,0,0,52272.100000000006
67,41,1015,0,0,39075
67,42,808,0,0,32103.500000000004
67,43,82,0,0,2807.7
67,44,324,0,0,13795.5
67,45,1700,0,0,62696.40000000001
67,46,5971,0,0,226441.40000000002
67,47,1608,0,0,63672.3
67,48,4906,0,0,165875.30000000002
67,49,812,0,0,32456.3
67,50,571,0,0,21140.999999999996
67,51,98,0,0,4117.5
67,52,261,0,0,10989.199999999999
67,53,2000,0,0,80207.79999999999
67,54,1993,0,0,72811
67,55,7267,0,0,301735.8
67,56,6198,0,0,262887.10000000003
67,57,483,0,0,18448.5
67,58,7,0,0,0
67,62,24,0,0,969.0999999999999
67,63,80,0,0,3048.8999999999996
67,64,4,0,0,0
67,68,5,0,0,0
67,69,248,0,0,9931.9
67,70,555,0,0,20705.2
67,71,113,0,0,4302
67,72,36,0,0,998.4
67,73,487,0,0,19349.5
67,74,71,0,0,3006.3
67,75,5,0,0,132
67,77,42,0,0,2144.8
67,78,550,0,0,26148.200000000004
67,79,593,0,0,24376.399999999998
67,80,307,0,0,12301.7
67,81,7,0,0,0
67,82,30,0,0,949
67,86,442,0,0,17757.399999999998
67,87,154,0,0,5618.799999999999
67,88,54,0,0,1853
67,89,4,0,0,0
67,95,8,0,0,176
67,96,34,0,0,1111.6000000000001
67,97,40,0,0,1217.4
67,98,14,0,0,630.5
67,99,588,0,0,25832.2
67,100,108,0,0,4584.5
67,110,1,0,0,0
67,111,131,0,0,4630
67,112,27,0,0,1109.3
67,113,22,0,0,633.6
67,115,220,0,0,9036.1
67,116,244,0,0,9896.3
67,117,78,0,0,2870.4
67,118,126,0,0,4177.8
67,119,4,0,0,0
67,121,19,0,0,442
67,122,130,0,0,4238.1
67,123,932,0,0,35335.8
67,124,719,0,0,26426.599999999995
67,125,839,0,0,32654.099999999995
67,126,82,0,0,2797.7
68,33,296,0,0,13561.599999999999
68,34,3062,0,0,122145
68,35,13243,0,0,542708.7000000001
68,36,5875,0,0,215093.19999999998
68,37,3513,0,0,144953.80000000002
68,38,10677,0,0,426422.19999999995
68,39,9030,0,0,361266.39999999997
68,41,146,0,0,5184.5
68,42,639,0,0,25817.700000000004
68,43,4923,0,0,198720.99999999997
68,44,97,0,0,3730.3
68,45,431,0,0,16744.5
68,46,4500,0,0,165823
68,47,8106,0,0,298449
68,48,15088,0,0,580964.9999999999
68,49,51,0,0,1688.7
68,50,159,0,0,5861.599999999999
68,51,396,0,0,15654.1
68,52,9,0,0,112
68,53,118,0,0,4737.1
68,54,391,0,0,15404.199999999999
68,55,1332,0,0,50081.6
68,56,2372,0,0,90629.6
68,57,3133,0,0,124637
68,58,71,0,0,2873.7
68,59,118,0,0,5468.299999999999
68,60,36,0,0,1654.3999999999999
68,62,5,0,0,0
68,63,213,0,0,9245.7
68,64,265,0,0,11716.300000000001
68,65,82,0,0,3863.8999999999996
68,66,87,0,0,4188.4
68,67,170,0,0,6927.7
68,68,289,0,0,12124.199999999999
68,69,614,0,0,23510
68,70,318,0,0,11821
68,71,67,0,0,2803.4999999999995
68,72,153,0,0,6240.700000000001
68,73,129,0,0,5809.700000000001
68,75,1,0,0,0
68,77,173,0,0,6617.5
68,78,66,0,0,2119.2
68,79,1348,0,0,54310.899999999994
68,80,709,0,0,27720.899999999998
68,81,291,0,0,11299.599999999999
68,82,17,0,0,532.7
68,83,98,0,0,3211.1
68,84,1231,0,0,53831.9
68,85,276,0,0,11083.199999999999
68,86,1594,0,0,68625.8
68,87,7,0,0,260
68,88,8,0,0,0
68,89,9,0,0,380.8
68,94,12,0,0,485.1
68,95,6,0,0,178.2
68,98,1,0,0,0
68,99,274,0,0,12139.8
68,100,5,0,0,305
68,112,83,0,0,3059.5
68,113,154,0,0,6266.5
68,114,36,0,0,1509.7
68,115,113,0,0,4116.7
68,121,60,0,0,2074
68,122,16,0,0,684
68,123,49,0,0,1918.6000000000001
68,124,65,0,0,2384.3
68,125,5087,0,0,205013.5
68,126,2447,0,0,91503.70000000001
68,127,44,0,0,1684.1
69,38,3,0,0,0
69,39,3,0,0,0
69,41,1172,0,0,50041.2
69,42,237,0,0,8211.400000000001
69,43,97,0,0,3724.6
69,44,3203,0,0,120287.09999999999
69,45,2436,0,0,91568.3
69,46,5303,0,0,196748.5
69,47,8379,0,0,305073.2
69,48,16647,0,0,640081.7999999999
69,49,26881,0,0,1030890.2999999999
69,50,23894,0,0,911208.3
69,51,3005,0,0,95296.9
69,52,13,0,0,394.5
69,54,6,0,0,0
69,57,2047,0,0,81604.79999999999
69,58,410,0,0,16906.1
69,59,762,0,0,30311.6
69,60,398,0,0,15848.5
69,61,94,0,0,3382.9
69,62,98,0,0,3743.6
69,63,138,0,0,5437.099999999999
69,65,127,0,0,5768
69,66,494,0,0,21089.999999999996
69,67,1903,0,0,79527.5
69,68,252,0,0,10758.8
69,69,101,0,0,4176.4
69,70,121,0,0,5052.8
69,71,344,0,0,15739.000000000002
69,72,239,0,0,9413.599999999999
69,73,9,0,0,362.7
69,76,261,0,0,10174.1
69,77,116,0,0,4443.7
69,78,693,0,0,27313.6
69,79,1532,0,0,62098.2
69,80,140,0,0,5269.4
69,81,1412,0,0,59009.6
69,82,253,0,0,10723.400000000001
69,83,378,0,0,14675.3
69,84,177,0,0,7389.7
69,85,3,0,0,0
69,86,11,0,0,506
69,87,4,0,0,0
69,91,2,0,0,0
69,92,11,0,0,265.8
69,93,63,0,0,2377.2999999999997
69,94,4,0,0,0
69,99,24,0,0,737.2
69,100,132,0,0,4740.4
69,111,20,0,0,391.2
69,112,148,0,0,5421.3
69,113,9,0,0,85
69,114,49,0,0,1845.6000000000001
69,115,1044,0,0,45766.5
69,116,71,0,0,2619.8
69,119,1,0,0,0
69,120,10,0,0,242.9
69,121,326,0,0,12673.9
69,122,118,0,0,4151.900000000001
69,124,369,0,0,14041.1
69,125,67,0,0,2861.8999999999996
69,126,497,0,0,17493.3
69,127,76,0,0,3396.4
70,36,758,0,0,30157.699999999997
70,37,631,0,0,24391.900000000005
70,38,4056,0,0,171220.5
70,39,18565,0,0,768756
70,40,130,0,0,5597.599999999999
70,41,131,0,0,5728
70,42,1924,0,0,80224.20000000001
70,43,224,0,0,7747.2
70,44,7521,0,0,307906.4
70,45,487,0,0,19542.9
70,46,2559,0,0,93930.20000000001
70,47,1621,0,0,60975.3
70,48,180,0,0,6132.2
70,49,24204,0,0,933843.6000000002
70,50,27300,0,0,1089359.3
70,51,28,0,0,721.7
70,52,196,0,0,7588.299999999999
70,57,259,0,0,9058.5
70,58,1163,0,0,45759.69999999999
70,59,760,0,0,28805.7
70,60,1632,0,0,63634.3
70,61,3110,0,0,125755.50000000001
70,62,584,0,0,24657.799999999996
70,63,98,0,0,3357.6
70,65,66,0,0,2272
70,66,158,0,0,6179.700000000001
70,67,132,0,0,4948.099999999999
70,69,60,0,0,2087.7
70,70,229,0,0,8848.6
70,71,498,0,0,20327.9
70,72,41,0,0,1629.3000000000002
70,73,187,0,0,7007.2
70,74,205,0,0,7549.099999999999
70,75,966,0,0,35996.4
70,76,2081,0,0,79929
70,77,2930,0,0,118457.6
70,78,873,0,0,34282.5
70,79,205,0,0,6500.099999999999
70,80,944,0,0,37993.9
70,81,28,0,0,1425.8000000000002
70,82,6,0,0,292.8
70,83,9,0,0,286.2
70,84,90,0,0,3187.2000000000003
70,85,4,0,0,0
70,86,12,0,0,526.4
70,91,5,0,0,0
70,93,2,0,0,0
70,100,83,0,0,2565.9
70,101,1,0,0,0
70,108,1,0,0,0
70,109,1,0,0,0
70,110,17,0,0,659.6
70,111,17,0,0,630
70,112,18,0,0,528
70,114,2,0,0,0
70,115,29,0,0,992.4
70,116,89,0,0,3441.5
70,117,92,0,0,3578
70,119,2,0,0,0
70,120,41,0,0,1377
70,121,142,0,0,4491.8
70,122,717,0,0,27883.1
70,123,78,0,0,2932.9
70,124,672,0,0,25225.7
70,125,646,0,0,22552.200000000004
70,126,1649,0,0,61505.9
70,127,249,0,0,9648.3
71,34,227,0,0,9353.9
71,35,3190,0,0,126267.59999999999
71,36,2478,0,0,92007.1
71,37,1966,0,0,79029.9
71,38,5617,0,0,204146
71,39,10425,0,0,398041.9000000001
71,40,3974,0,0,140027.5
71,41,3897,0,0,151530.7
71,42,3033,0,0,106992.89999999998
71,43,1089,0,0,42236.50000000001
71,44,6137,0,0,224181.00000000003
71,45,492,0,0,18547.199999999997
71,46,1058,0,0,41678.200000000004
71,47,1657,0,0,60025.3
71,48,10898,0,0,414190.2
71,49,8050,0,0,321027.99999999994
71,50,75662,0,0,2958352.4
71,51,7723,0,0,302285.1
71,52,228,0,0,7487.5
71,53,3,0,0,0
71,54,15,0,0,589.2
71,57,1453,0,0,50172.399999999994
71,58,2792,0,0,116964.6
71,59,1737,0,0,76918.5
71,60,3123,0,0,126683.39999999998
71,61,760,0,0,29590.7
71,62,13,0,0,467.5
71,63,13,0,0,242.1
71,64,108,0,0,3891.4
71,65,771,0,0,31277.399999999998
71,66,399,0,0,15563.6
71,67,973,0,0,40924.3
71,68,291,0,0,11058.4
71,69,899,0,0,34389.5
71,70,437,0,0,17911.2
71,71,368,0,0,14739
71,72,71,0,0,2967.9
71,73,457,0,0,17683
71,74,761,0,0,27562.8
71,75,525,0,0,20836.2
71,76,12405,0,0,501349.7
71,77,5798,0,0,242244.6
71,78,64,0,0,2601.7
71,79,1732,0,0,66529
71,80,149,0,0,6392.799999999999
71,82,1,0,0,0
71,91,50,0,0,1725.1000000000001
71,93,3,0,0,0
71,100,19,0,0,546.6
71,101,20,0,0,481.2
71,102,1,0,0,0
71,109,164,0,0,6670.8
71,110,94,0,0,3602.1
71,114,19,0,0,347.3
71,115,54,0,0,1441.8
71,116,164,0,0,5833
71,117,759,0,0,30811
71,118,267,0,0,10106.4
71,119,46,0,0,1575.6
71,120,85,0,0,3321.2999999999997
71,121,929,0,0,33710.7
71,122,73,0,0,2371.1
71,123,78,0,0,2633.5
71,124,451,0,0,16768.999999999996
71,125,2133,0,0,76486
71,126,1089,0,0,41974.6
71,127,608,0,0,23291.6
72,31,959,0,0,39948.899999999994
72,32,67,0,0,3100.2
72,33,3565,0,0,130307.20000000001
72,34,725,0,0,28379.100000000002
72,35,638,0,0,25989.3
72,36,552,0,0,21187.6
72,37,2055,0,0,88766.1
72,38,79,0,0,2593.8
72,39,1574,0,0,57144.400000000016
72,40,374,0,0,13844.300000000001
72,41,379,0,0,15105.2
72,42,2032,0,0,77680.89999999998
72,43,2546,0,0,93239.59999999999
72,44,7996,0,0,304632.1
72,45,8024,0,0,292283
72,46,7672,0,0,275925.1
72,47,13806,0,0,531612.2
72,48,23083,0,0,902331.5
72,49,66571,0,0,2318739.5999999996
72,50,173187,0,0,6219794.199999999
72,51,5468,0,0,186615.3
72,52,113,0,0,4116
72,54,2,0,0,0
72,55,45,0,0,1848.4
72,56,2248,0,0,87095.90000000001
72,57,385,0,0,15016.699999999999
72,58,424,0,0,16376.3
72,59,1,0,0,0
72,62,5,0,0,175
72,63,163,0,0,6684.9
72,64,255,0,0,9943.599999999999
72,65,245,0,0,9744.5
72,66,1518,0,0,62132.899999999994
72,67,4615,0,0,193732.40000000002
72,68,4330,0,0,165809.09999999998
72,69,9860,0,0,386261.10000000003
72,70,691,0,0,26115.699999999997
72,71,609,0,0,24986.8
72,72,865,0,0,34487.3
72,73,1460,0,0,63340.49999999999
72,74,511,0,0,19839.8
72,75,525,0,0,19587.1
72,76,219,0,0,7522.6
72,77,15,0,0,463.2
72,78,26,0,0,1029.6
72,79,1,0,0,0
72,91,39,0,0,1335.1000000000001
72,98,1,0,0,0
72,100,27,0,0,852.2
72,101,19,0,0,687.4
72,102,5,0,0,108
72,105,36,0,0,1215.2
72,106,43,0,0,1205.7
72,107,32,0,0,1182.9
72,108,52,0,0,1572.6000000000001
72,109,70,0,0,2806.4
72,114,7,0,0,286
72,115,30,0,0,643.1
72,116,107,0,0,3266.9
72,117,180,0,0,6842.599999999999
72,118,64,0,0,2136.2999999999997
72,119,2031,0,0,82616.2
72,120,377,0,0,13443.9
72,121,364,0,0,15807.6
72,122,1547,0,0,59367.6
72,123,1518,0,0,56156.299999999996
72,124,2241,0,0,73772.2
72,125,4439,0,0,173187.5
72,126,1195,0,0,44728.799999999996
72,127,41,0,0,1420.8000000000002
73,30,359,0,0,15441.6
73,31,1304,0,0,51715.7
73,32,708,0,0,28157.5
73,33,9403,0,0,383666.3
73,34,27467,0,0,1126556.7000000002
73,35,1101,0,0,41381
73,36,559,0,0,22970.799999999996
73,37,1869,0,0,76746.29999999999
73,38,1,0,0,0
73,39,144,0,0,4752.2
73,40,1230,0,0,46719.3
73,41,600,0,0,22119.6
73,42,347,0,0,12979.9
73,43,711,0,0,26165.90000000001
73,44,1527,0,0,55314.799999999996
73,45,8397,0,0,345114.5999999999
73,46,12647,0,0,442466.8
73,47,16575,0,0,578905.2000000001
73,48,35975,0,0,1308006.0999999999
73,49,67358,0,0,2628165.5999999996
73,50,61253,0,0,2278071.7
73,51,1585,0,0,60515.200000000004
73,52,1676,0,0,63353.8
73,53,1624,0,0,58163.1
73,54,2817,0,0,106010
73,55,4,0,0,0
73,61,25,0,0,856.5
73,62,7,0,0,231
73,64,371,0,0,14378.599999999999
73,65,1090,0,0,48238.40000000001
73,66,1569,0,0,62597
73,67,722,0,0,28987.1
73,68,2397,0,0,89741.30000000002
73,69,7665,0,0,328494.8
73,70,233,0,0,8221.2
73,71,616,0,0,24488.2
73,72,4444,0,0,190557.6
73,73,665,0,0,25722.700000000004
73,74,125,0,0,4453.4
73,75,286,0,0,10937.9
73,76,608,0,0,22458.899999999998
73,77,54,0,0,1845.2
73,87,6,0,0,319
73,89,5,0,0,0
73,91,18,0,0,626.5999999999999
73,98,86,0,0,3657.5
73,99,467,0,0,17977.7
73,100,34,0,0,1028.1
73,101,1,0,0,0
73,103,39,0,0,1157.4
73,104,9,0,0,159
73,105,8,0,0,259
73,113,2,0,0,0
73,114,16,0,0,298.9
73,115,84,0,0,3351.2
73,116,84,0,0,3310
73,117,11,0,0,209
73,118,36,0,0,1621.8
73,119,120,0,0,5004.1
73,122,61,0,0,2486.5
73,123,370,0,0,12884.8
73,125,1177,0,0,40025.2
73,126,24917,0,0,902387
73,127,38594,0,0,1402328.2000000002
74,29,630,0,0,28948.5
74,30,649,0,0,27985.999999999996
74,31,60,0,0,2547.1
74,32,98,0,0,3599.7999999999997
74,33,1393,0,0,54999.899999999994
74,34,17647,0,0,679886.1
74,35,8976,0,0,347662.3
74,36,1165,0,0,42805.80000000001
74,37,106,0,0,3487.2000000000003
74,38,457,0,0,17087.4
74,39,232,0,0,9381.1
74,40,143,0,0,4692.6
74,41,42,0,0,1412.9
74,42,56,0,0,1792.8
74,43,620,0,0,24775.9
74,44,1901,0,0,67990.59999999999
74,45,320,0,0,11317.199999999999
74,46,1208,0,0,44895.9
74,47,199,0,0,7627.5
74,49,13965,0,0,518555
74,50,62504,0,0,2302225.3
74,51,15300,0,0,554160.4999999999
74,52,3255,0,0,124986.79999999999
74,53,2141,0,0,77015.2
74,54,662,0,0,22900.300000000003
74,56,24,0,0,749.2
74,57,2,0,0,0
74,60,3,0,0,0
74,61,118,0,0,4800.4
74,63,5,0,0,0
74,65,701,0,0,29294.4
74,66,2243,0,0,97817.80000000002
74,67,2616,0,0,110126.79999999999
74,68,212,0,0,8515.9
74,69,970,0,0,38109.49999999999
74,70,562,0,0,23710.300000000003
74,71,1067,0,0,40191.2
74,72,479,0,0,19982.9
74,73,473,0,0,18739.1
74,74,482,0,0,18332.3
74,75,64,0,0,1900.8
74,76,21,0,0,649.8
74,79,27,0,0,999
74,90,4,0,0,0
74,91,16,0,0,368.4
74,98,1085,0,0,43997.7
74,99,300,0,0,11861.4
74,100,188,0,0,7472.7
74,101,143,0,0,5163.3
74,102,233,0,0,8541.8
74,103,57,0,0,2024.4
74,104,60,0,0,2305.9
74,114,79,0,0,3020.2
74,115,97,0,0,3783.2000000000003
74,116,131,0,0,4696.999999999999
74,117,96,0,0,3783.5
74,118,188,0,0,7292.499999999999
74,119,4,0,0,0
74,123,68,0,0,2331.6
74,124,493,0,0,17381.5
74,125,4926,0,0,167120.5
74,126,1892,0,0,66704.90000000002
74,127,31182,0,0,1179822.9000000001
75,29,9,0,0,432
75,30,25,0,0,897.0999999999999
75,31,6,0,0,329
75,32,286,0,0,11787.900000000001
75,33,681,0,0,27169.9
75,34,1530,0,0,58720.30000000002
75,35,24776,0,0,1011450.6999999998
75,36,2857,0,0,111673.09999999999
75,37,122,0,0,4573.400000000001
75,38,176,0,0,6425.4
75,39,116,0,0,4153.5
75,40,196,0,0,7156.699999999999
75,41,256,0,0,9722
75,42,1686,0,0,58970.799999999996
75,43,3776,0,0,152356
75,44,551,0,0,22303.4
75,45,3847,0,0,140446.8
75,46,211,0,0,7454.9
75,47,6,0,0,224
75,48,8,0,0,324
75,49,778,0,0,30242.7
75,50,45269,0,0,1742283.5000000002
75,51,14775,0,0,520384.29999999993
75,52,874,0,0,28400.899999999998
75,53,4583,0,0,164385.09999999998
75,54,1195,0,0,37851.8
75,55,1029,0,0,38488.5
75,56,2228,0,0,85944.40000000001
75,57,705,0,0,27273.4
75,59,272,0,0,10434.5
75,60,18,0,0,631.3
75,61,61,0,0,2030
75,62,46,0,0,1753.9
75,65,975,0,0,38945.2
75,66,1960,0,0,85969.6
75,67,795,0,0,31225.1
75,68,765,0,0,34501.6
75,69,931,0,0,36075.600000000006
75,70,373,0,0,12831.099999999999
75,71,4295,0,0,177764.69999999998
75,72,879,0,0,32954.6
75,73,82,0,0,2993.4
75,74,40,0,0,1577
75,75,14,0,0,620.2
75,77,2,0,0,0
75,84,4,0,0,0
75,87,1,0,0,0
75,90,107,0,0,4597.4
75,96,54,0,0,1938.6
75,97,63,0,0,2357.1
75,98,7,0,0,333.9
75,99,4,0,0,0
75,101,46,0,0,1386
75,102,715,0,0,27231
75,103,106,0,0,3637.1
75,104,36,0,0,1057.5
75,113,5,0,0,211
75,114,5,0,0,210
75,116,5,0,0,0
75,117,245,0,0,9758.4
75,118,83,0,0,3375.2
75,119,1,0,0,0
75,124,89,0,0,3021.5
75,125,76,0,0,2637.2
75,126,269,0,0,10087.6
75,127,4354,0,0,139644.79999999996
76,31,506,0,0,19710
76,32,321,0,0,12762.7
76,33,2420,0,0,90949.7
76,34,2738,0,0,112205.80000000002
76,35,10329,0,0,391734.9000000001
76,36,1527,0,0,58810.3
76,37,781,0,0,28802.3
76,38,214,0,0,6772.499999999999
76,39,2246,0,0,88351.6
76,40,503,0,0,18086.3
76,41,900,0,0,32864.3
76,42,12726,0,0,501686.4000000001
76,43,465,0,0,16433.5
76,44,161,0,0,5930.900000000001
76,45,426,0,0,16072.100000000002
76,46,1082,0,0,42255
76,47,3569,0,0,122642.8
76,48,1189,0,0,43174.6
76,49,3315,0,0,128833.6
76,50,8429,0,0,315110.30000000005
76,51,1918,0,0,69001.99999999999
76,52,5552,0,0,191754.30000000002
76,53,3663,0,0,134945.7
76,54,1206,0,0,46819
76,55,772,0,0,28617.3
76,56,1412,0,0,53133.2
76,57,3216,0,0,112889.4
76,58,64,0,0,2407.5
76,59,165,0,0,6767.9
76,60,678,0,0,27504.499999999996
76,61,966,0,0,41533
76,62,372,0,0,15956.6
76,63,2,0,0,0
76,65,594,0,0,24504.2
76,66,210,0,0,8552.2
76,67,89,0,0,3150.3
76,68,187,0,0,7851.9
76,69,6144,0,0,269698.10000000003
76,70,1881,0,0,71545
76,71,6286,0,0,256434.4
76,72,727,0,0,26162.5
76,73,96,0,0,3400.4999999999995
76,87,28,0,0,888.3
76,88,36,0,0,1202.7
76,89,30,0,0,1197.2
76,90,29,0,0,1300.5
76,91,2,0,0,0
76,92,44,0,0,1218
76,93,13,0,0,451.2
76,95,4,0,0,0
76,96,33,0,0,1017.9000000000001
76,97,12,0,0,235.2
76,98,208,0,0,8192.9
76,99,179,0,0,7124.3
76,100,6,0,0,229.8
76,102,2783,0,0,115028.49999999999
76,103,37,0,0,1071.5
76,104,9,0,0,184.8
76,105,46,0,0,1862.8
76,115,1,0,0,0
76,116,84,0,0,3310
76,117,422,0,0,17068
76,124,85,0,0,2481.8
76,125,7,0,0,210
76,126,27,0,0,978.2
76,127,351,0,0,12878.900000000001
77,31,942,0,0,34766.6
77,32,362,0,0,14783.599999999997
77,33,182,0,0,7437.8
77,34,157,0,0,6007.599999999999
77,35,146,0,0,5311.9
77,36,269,0,0,9724.4
77,37,265,0,0,9641.7
77,38,182,0,0,6375.1
77,39,362,0,0,13176.3
77,40,495,0,0,19020.8
77,41,327,0,0,13310.400000000003
77,42,2039,0,0,76287.5
77,43,334,0,0,13664.500000000002
77,44,183,0,0,6823.999999999999
77,45,170,0,0,5470.6
77,46,290,0,0,11141.4
77,47,325,0,0,12876.900000000001
77,48,1053,0,0,40106.99999999999
77,49,2661,0,0,103554.4
77,50,2459,0,0,89742.8
77,51,2689,0,0,91471.40000000001
77,52,629,0,0,24578
77,53,4452,0,0,160599.89999999997
77,54,11645,0,0,431576.29999999993
77,55,3241,0,0,104215.8
77,56,1454,0,0,49745.5
77,57,8003,0,0,295472.8
77,58,1443,0,0,58070.100000000006
77,59,41,0,0,1196.1
77,60,21,0,0,678.3
77,61,10,0,0,286
77,62,559,0,0,22633.800000000003
77,63,16,0,0,252.9
77,64,5,0,0,0
77,65,91,0,0,3734.4
77,66,93,0,0,4003.3999999999996
77,67,545,0,0,19926
77,68,5832,0,0,233252.6
77,69,18108,0,0,755883.3
77,70,1601,0,0,57759.4
77,71,335,0,0,12828.3
77,72,105,0,0,3442.5
77,81,4,0,0,0
77,83,37,0,0,1215.6000000000001
77,84,89,0,0,4035.1
77,85,61,0,0,2509.5
77,86,871,0,0,35809
77,87,16,0,0,294
77,88,7,0,0,275.8
77,93,2,0,0,0
77,95,4,0,0,0
77,96,17,0,0,613.8
77,98,1,0,0,0
77,100,3,0,0,0
77,101,4,0,0,0
77,103,224,0,0,7572.5
77,104,67,0,0,2725
77,105,354,0,0,12762.199999999999
77,106,27,0,0,846.4
77,115,6,0,0,0
77,117,24,0,0,936.8
77,124,13,0,0,446.6
77,125,11,0,0,216.3
77,126,181,0,0,6704.4
77,127,1757,0,0,60295.9
78,30,223,0,0,7475.9
78,31,7715,0,0,329448.20000000007
78,32,11210,0,0,441962.4
78,33,254,0,0,9113.7
78,34,68,0,0,1933.9
78,35,32,0,0,698.6
78,36,98,0,0,3096.4
78,37,311,0,0,10415
78,38,4178,0,0,173895.59999999998
78,39,789,0,0,29134.3
78,40,1126,0,0,37148.3
78,41,6471,0,0,263734.4
78,42,258,0,0,10385.900000000001
78,43,2268,0,0,94533.4
78,44,1051,0,0,41277.50000000001
78,45,334,0,0,12804.5
78,46,266,0,0,10617.8
78,47,47,0,0,1569.2
78,48,245,0,0,9050.6
78,49,4,0,0,0
78,50,2003,0,0,71740.29999999999
78,51,3254,0,0,135108.6
78,52,319,0,0,12551.800000000001
78,53,357,0,0,14526.6
78,54,1840,0,0,60755.40000000001
78,55,1434,0,0,52257.20000000001
78,56,649,0,0,19552.9
78,57,1382,0,0,49319.2
78,58,3576,0,0,149205.1
78,59,933,0,0,36175.700000000004
78,60,1340,0,0,51014.299999999996
78,61,142,0,0,5356.9
78,62,170,0,0,7497.9
78,63,230,0,0,9703.7
78,64,63,0,0,2590.8
78,65,409,0,0,15564.699999999999
78,66,349,0,0,13590.6
78,67,3224,0,0,137277.1
78,68,1740,0,0,66847
78,69,2702,0,0,108558.00000000003
78,70,1347,0,0,51562.9
78,71,341,0,0,12098.9
78,79,2,0,0,0
78,82,45,0,0,1905.6
78,83,85,0,0,3536.1
78,84,14,0,0,642.6
78,85,25,0,0,1159.2
78,86,683,0,0,31354.2
78,87,1,0,0,0
78,89,4,0,0,0
78,92,6,0,0,0
78,93,352,0,0,16733.9
78,94,127,0,0,5249.6
78,95,1,0,0,0
78,96,4,0,0,0
78,97,9,0,0,253
78,98,55,0,0,2052.7
78,99,4,0,0,0
78,100,96,0,0,3361.8999999999996
78,101,2,0,0,0
78,102,1,0,0,0
78,104,56,0,0,1843.3
78,105,832,0,0,34273
78,107,6,0,0,0
78,108,5,0,0,127
78,117,58,0,0,2221.2
78,121,2,0,0,0
78,123,4,0,0,0
78,124,49,0,0,2117.3
78,125,153,0,0,5475.099999999999
78,126,53,0,0,1969.8
78,127,1845,0,0,72482.5
79,26,31,0,0,1160.8
79,27,125,0,0,5086.700000000001
79,28,98,0,0,3700
79,29,298,0,0,11029.4
79,30,552,0,0,20889.1
79,31,3746,0,0,145148.6
79,32,1678,0,0,71879.5
79,33,51,0,0,1678.6
79,34,108,0,0,3363.7999999999997
79,35,213,0,0,7286.400000000001
79,36,315,0,0,11425.400000000001
79,37,584,0,0,24441.500000000007
79,38,289,0,0,10824.3
79,39,87,0,0,2751.7000000000003
79,40,315,0,0,12479.800000000001
79,41,544,0,0,20075.999999999996
79,42,505,0,0,18910.100000000002
79,43,246,0,0,9335.4
79,44,184,0,0,7163.7
79,45,318,0,0,12537.2
79,46,154,0,0,6177.9
79,47,751,0,0,27739
79,48,1,0,0,0
79,49,296,0,0,10630.799999999997
79,50,1148,0,0,41720.399999999994
79,51,817,0,0,31447.6
79,52,3590,0,0,130917.6
79,53,948,0,0,32419.9
79,54,1908,0,0,59423.6
79,55,362,0,0,14107.199999999999
79,56,1165,0,0,44623.3
79,57,258,0,0,10060.999999999998
79,58,1649,0,0,65591.7
79,59,393,0,0,15313.499999999998
79,60,29,0,0,1020.8
79,61,28,0,0,870
79,62,40,0,0,942.8
79,63,87,0,0,3694.4
79,64,392,0,0,16663
79,65,734,0,0,30444.7
79,66,230,0,0,9244.499999999998
79,67,1402,0,0,55626.200000000004
79,68,1228,0,0,50324.999999999985
79,69,1482,0,0,62081.7
79,70,686,0,0,27578.3
79,71,125,0,0,5361.7
79,72,1,0,0,0
79,75,9,0,0,296.8
79,76,18,0,0,451.3
79,80,25,0,0,1053.3
79,81,50,0,0,2124.9
79,82,8,0,0,159
79,83,2,0,0,0
79,86,8,0,0,211
79,87,1,0,0,0
79,88,56,0,0,1694.9
79,89,239,0,0,9830
79,90,482,0,0,22731.3
79,91,166,0,0,7192.6
79,92,16,0,0,347.2
79,93,35,0,0,1753.7
79,95,130,0,0,5328.900000000001
79,96,35,0,0,1309.8
79,105,68,0,0,2644.5
79,106,2,0,0,0
79,107,225,0,0,8302.2
79,108,142,0,0,5480.3
79,117,51,0,0,2391.9
79,119,3,0,0,0
79,120,3,0,0,0
79,121,2,0,0,0
79,122,223,0,0,8977
79,123,306,0,0,11508.5
79,124,257,0,0,10963.300000000001
79,127,508,0,0,19317.8
80,26,16,0,0,283.2
80,27,46,0,0,1435.1
80,28,184,0,0,6973.4
80,29,66,0,0,2142.3
80,30,56,0,0,1769.9
80,32,58,0,0,2036.6
80,33,58,0,0,2513.3
80,36,105,0,0,3491.9
80,37,176,0,0,6716.299999999999
80,38,11,0,0,210
80,40,2,0,0,0
80,41,421,0,0,16200.9
80,42,71,0,0,2588.5
80,43,182,0,0,6481.7
80,44,250,0,0,9492.000000000002
80,45,890,0,0,37898.2
80,46,1613,0,0,65420.399999999994
80,47,938,0,0,35390.2
80,48,20,0,0,1060.6
80,49,3030,0,0,114644.69999999998
80,50,418,0,0,16798.300000000003
80,51,25,0,0,945.2
80,52,240,0,0,8720.9
80,53,3020,0,0,121255.3
80,54,2944,0,0,131662.5
80,55,649,0,0,25845.600000000006
80,56,695,0,0,27509.099999999995
80,60,25,0,0,904.2
80,61,14,0,0,504.9
80,62,24,0,0,828.8
80,65,181,0,0,6919.699999999999
80,66,1166,0,0,48128.69999999999
80,67,978,0,0,38266.5
80,68,538,0,0,18929.5
80,69,3382,0,0,141598.5
80,70,957,0,0,36670.600000000006
80,71,208,0,0,8251.300000000001
80,74,69,0,0,2185
80,75,304,0,0,12479.500000000002
80,76,2529,0,0,102545.59999999999
80,77,170,0,0,5892.3
80,78,82,0,0,3404.2000000000003
80,79,117,0,0,4435.3
80,80,44,0,0,1769.4
80,81,1,0,0,0
80,83,19,0,0,1130.4
80,84,18,0,0,543.2
80,86,3,0,0,0
80,87,3,0,0,0
80,88,41,0,0,1128.6
80,89,57,0,0,2366.4
80,90,29,0,0,1576.1
80,103,8,0,0,526.4
80,104,71,0,0,2607.7
80,105,2,0,0,0
80,106,115,0,0,4447.4
80,107,434,0,0,17121
80,108,25,0,0,729.8
80,109,5,0,0,225
80,112,5,0,0,0
80,113,10,0,0,356.4
80,116,159,0,0,7118.9
80,117,42,0,0,2239.6
80,120,2,0,0,0
80,122,446,0,0,18090.599999999995
80,123,1538,0,0,65519.8
80,124,470,0,0,17697.000000000004
80,125,8,0,0,153
80,126,163,0,0,5553.8
80,127,257,0,0,8236.7
81,27,143,0,0,5664.400000000001
81,28,59,0,0,1851.6
81,32,124,0,0,4375.5
81,33,81,0,0,3076.7
81,34,36,0,0,1343.4
81,35,79,0,0,2776.1
81,36,22,0,0,894.2
81,37,34,0,0,847
81,38,22,0,0,567.7
81,39,31,0,0,976.4
81,40,97,0,0,3490.3999999999996
81,41,261,0,0,9680.400000000001
81,42,254,0,0,10360.999999999998
81,43,79,0,0,3437.7
81,44,150,0,0,5888.4
81,45,17,0,0,287
81,46,50,0,0,2013
81,47,171,0,0,7166.099999999999
81,48,2959,0,0,117702.40000000001
81,49,666,0,0,26533.8
81,50,106,0,0,4130.1
81,51,19,0,0,557.7
81,52,3,0,0,0
81,53,635,0,0,24202.199999999997
81,54,553,0,0,21843.8
81,55,1060,0,0,42046.5
81,56,920,0,0,35565.5
81,57,144,0,0,5469.3
81,59,334,0,0,14058.3
81,60,1404,0,0,61864.1
81,61,454,0,0,19011.1
81,63,2,0,0,0
81,64,5,0,0,0
81,65,12,0,0,192
81,67,126,0,0,4673.4
81,68,82,0,0,3267.7
81,69,74,0,0,2986.7999999999997
81,70,63,0,0,2731.6
81,72,51,0,0,1847.7
81,73,160,0,0,5766.299999999999
81,74,9,0,0,420.7
81,75,28,0,0,937.9999999999999
81,76,212,0,0,8171.200000000001
81,77,162,0,0,6981.6
81,79,2,0,0,0
81,80,43,0,0,2343.9
81,81,13,0,0,300.3
81,82,14,0,0,135
81,83,12,0,0,596.4
81,84,3,0,0,0
81,106,407,0,0,15898.4
81,107,398,0,0,17698.6
81,108,180,0,0,6474.7
81,112,13,0,0,541.7
81,113,78,0,0,3302.9
81,114,291,0,0,11974.699999999999
81,115,66,0,0,3017.6
81,116,239,0,0,10249.1
81,117,12,0,0,405
81,122,328,0,0,13332.199999999999
81,123,20,0,0,682.5
81,124,69,0,0,2722.6
81,126,13,0,0,413.4
81,127,44,0,0,1518.7
82,31,2,0,0,0
82,32,160,0,0,6374.4
82,33,480,0,0,19693.1
82,34,337,0,0,13037.100000000002
82,35,89,0,0,3778.1
82,36,54,0,0,1505.6
82,37,224,0,0,9141
82,38,218,0,0,7038.5
82,39,1999,0,0,86501
82,40,163,0,0,6540.7
82,41,21,0,0,816.2
82,42,2,0,0,0
82,44,1,0,0,0
82,45,31,0,0,1082.4
82,46,26,0,0,1131.2
82,47,77,0,0,2730.9
82,48,46,0,0,1661.8
82,49,42,0,0,1360.4
82,50,13,0,0,359
82,51,2,0,0,0
82,52,6,0,0,0
82,53,41,0,0,1669.6999999999998
82,54,151,0,0,6030.299999999999
82,55,679,0,0,27259.900000000005
82,56,687,0,0,26818.600000000002
82,57,279,0,0,11524.2
82,58,249,0,0,10149.699999999999
82,59,293,0,0,12273.499999999998
82,60,409,0,0,16251.500000000002
82,61,737,0,0,30600.399999999998
82,62,61,0,0,2446.6
82,67,29,0,0,896
82,68,48,0,0,1743.4
82,69,78,0,0,3299.6
82,70,7509,0,0,297089.50000000006
82,71,6253,0,0,253175.59999999998
82,72,182,0,0,7367.7
82,73,46,0,0,1852.6
82,76,12,0,0,412.5
82,77,59,0,0,2150.7999999999997
82,78,23,0,0,284.9
82,79,28,0,0,653.4
82,80,87,0,0,3094.7
82,100,33,0,0,1245.6
82,101,26,0,0,1331.4
82,102,1,0,0,0
82,105,75,0,0,2824.6
82,106,5,0,0,324
82,107,39,0,0,1729.2
82,108,3437,0,0,143223
82,109,383,0,0,14378.800000000001
82,110,11,0,0,418
82,111,2,0,0,0
82,112,20,0,0,325.2
82,113,132,0,0,5226.5
82,114,889,0,0,38788
82,116,18,0,0,419.6
82,117,30,0,0,1334.1
82,120,71,0,0,3281.9
82,122,4,0,0,0
82,124,7,0,0,233.1
82,126,3,0,0,0
82,127,39,0,0,1174
83,31,4,0,0,0
83,32,7,0,0,275.8
83,34,25,0,0,479.5
83,35,3,0,0,0
83,36,1,0,0,0
83,37,9,0,0,136
83,38,5,0,0,154
83,44,84,0,0,3466.1
83,45,52,0,0,1834.7
83,46,181,0,0,6298.6
83,47,381,0,0,15890.7
83,48,5,0,0,0
83,49,31,0,0,901.9
83,50,34,0,0,1393.5
83,51,21,0,0,376.2
83,52,9,0,0,0
83,53,41,0,0,1545.9
83,54,11,0,0,194.4
83,55,122,0,0,4768.6
83,56,2605,0,0,115395.79999999999
83,57,438,0,0,16441.399999999998
83,58,285,0,0,12254
83,59,326,0,0,14138.400000000001
83,60,669,0,0,29344.999999999996
83,61,253,0,0,10951.5
83,62,4,0,0,0
83,68,23,0,0,822.8
83,69,1195,0,0,48331.3
83,70,44,0,0,1358
83,71,1081,0,0,41083.8
83,72,638,0,0,24990.6
83,73,6,0,0,238.2
83,74,4,0,0,0
83,75,16,0,0,683.6
83,76,13,0,0,301.8
83,77,7,0,0,345.1
83,81,3,0,0,0
83,82,7,0,0,0
83,94,1,0,0,0
83,95,4,0,0,0
83,100,45,0,0,1860.7
83,101,1,0,0,0
83,103,27,0,0,997.4000000000001
83,105,4,0,0,0
83,107,34,0,0,1329.6
83,108,155,0,0,10102.2
83,109,23,0,0,411.2
83,110,295,0,0,11799.5
83,111,19,0,0,684
83,113,11,0,0,574.2
83,118,7,0,0,273.7
83,119,18,0,0,772.4
83,120,20,0,0,842.8
83,123,1,0,0,0
83,126,5,0,0,0
84,43,16,0,0,452.2
84,44,45,0,0,1885.9
84,45,461,0,0,19972
84,46,26,0,0,1209.9
84,47,6,0,0,321
84,48,25,0,0,302.4
84,49,8,0,0,0
84,50,1,0,0,0
84,51,18,0,0,695.5
84,52,11,0,0,239.4
84,53,63,0,0,2811.8999999999996
84,55,87,0,0,2995.7
84,56,991,0,0,39528.700000000004
84,57,444,0,0,15913.000000000002
84,58,31,0,0,1171.2
84,59,9,0,0,0
84,61,2,0,0,0
84,64,2,0,0,0
84,65,10,0,0,380
84,66,186,0,0,8524.1
84,67,250,0,0,11156.199999999999
84,68,128,0,0,4698.9
84,69,511,0,0,19439.4
84,70,10,0,0,502
84,71,174,0,0,6593.8
84,72,342,0,0,14725.2
84,73,203,0,0,7237.3
84,74,63,0,0,2697.1
84,78,5,0,0,0
84,79,9,0,0,241.2
84,80,19,0,0,598.5
84,81,28,0,0,898.8
84,82,12,0,0,489.6
84,83,16,0,0,854.2
84,84,1,0,0,0
84,98,8,0,0,305.9
84,99,12,0,0,299.7
84,103,19,0,0,606.4
84,106,8,0,0,143
84,107,32,0,0,1312.4
84,108,7,0,0,241
84,109,77,0,0,2893.8
84,110,96,0,0,3653.7
84,111,20,0,0,397.1
84,113,5,0,0,0
84,119,114,0,0,4492
85,48,9,0,0,0
85,49,42,0,0,1580.6
85,50,14,0,0,354
85,51,5,0,0,233
85,52,1,0,0,0
85,54,11,0,0,389.9
85,55,761,0,0,30580.100000000002
85,56,307,0,0,11619.1
85,57,1,0,0,0
85,58,16,0,0,427.7
85,59,10,0,0,318.6
85,62,5,0,0,0
85,63,74,0,0,2807.9
85,64,64,0,0,2860.3
85,65,665,0,0,32411.899999999998
85,66,1179,0,0,50903.2
85,67,936,0,0,39686.7
85,68,1,0,0,0
85,69,1,0,0,0
85,70,9,0,0,314.1
85,71,199,0,0,8035.7
85,72,421,0,0,18294.1
85,73,201,0,0,7945
85,74,29,0,0,1222.2
85,78,37,0,0,922.4
85,79,23,0,0,346.8
85,80,222,0,0,10658.9
85,81,25,0,0,1068.5
85,82,18,0,0,839
85,88,33,0,0,967.9
85,89,9,0,0,331.8
85,90,22,0,0,977.4
85,91,43,0,0,2059.8
85,92,16,0,0,589.8
85,93,20,0,0,681.7
85,96,15,0,0,499.2
85,97,33,0,0,1492
85,98,21,0,0,538.9
85,101,2,0,0,0
85,102,21,0,0,549.8
85,106,7,0,0,0
85,108,22,0,0,751.5
85,109,69,0,0,2646.5
85,110,41,0,0,1624.3000000000002
85,111,11,0,0,450
85,118,40,0,0,1454.7
85,119,112,0,0,5473.9
86,48,14,0,0,498.4
86,49,401,0,0,16112.499999999998
86,50,117,0,0,4528.2
86,51,10,0,0,565
86,52,31,0,0,1020.5
86,53,47,0,0,1613.5
86,54,431,0,0,16595.3
86,55,8869,0,0,374722.1000000001
86,56,58,0,0,2366.9999999999995
86,57,175,0,0,6979.399999999999
86,58,399,0,0,17295.4
86,59,82,0,0,3367.1000000000004
86,60,54,0,0,2038.6
86,61,250,0,0,11306.6
86,62,257,0,0,10324.4
86,63,490,0,0,20691.1
86,64,473,0,0,20454.7
86,65,83,0,0,3350.2000000000003
86,66,456,0,0,18528.3
86,67,197,0,0,8477.2
86,68,1,0,0,0
86,70,1,0,0,0
86,71,31,0,0,587.9
86,72,50,0,0,2149
86,73,10,0,0,323.2
86,74,26,0,0,682
86,76,11,0,0,275.8
86,77,62,0,0,1735.4
86,78,55,0,0,1585.3
86,79,1,0,0,0
86,80,12,0,0,405
86,81,5,0,0,216
86,82,14,0,0,664.8
86,87,1,0,0,0
86,88,5,0,0,0
86,91,5,0,0,252
86,92,14,0,0,0
86,93,2,0,0,0
86,94,5,0,0,270
86,99,7,0,0,256.2
86,100,13,0,0,392
86,101,37,0,0,1417
86,102,63,0,0,2721.6
86,106,19,0,0,651.7
86,108,13,0,0,0
86,109,46,0,0,1732.1999999999998
86,110,80,0,0,2840.1000000000004
86,111,45,0,0,1592.6
86,117,16,0,0,763.2
86,118,278,0,0,11905.5
86,119,172,0,0,7339.9
86,126,4,0,0,0
86,127,188,0,0,8934.8
87,48,6,0,0,0
87,49,79,0,0,2743.2
87,50,1770,0,0,80077.4
87,51,557,0,0,20476.399999999998
87,52,95,0,0,2974.1
87,53,452,0,0,18639.8
87,54,1678,0,0,64607.29999999999
87,55,1169,0,0,45034.09999999999
87,56,1212,0,0,48759.50000000001
87,57,289,0,0,11604.099999999999
87,58,423,0,0,16388.899999999998
87,59,329,0,0,14136.5
87,60,1093,0,0,49894
87,61,1448,0,0,63974.900000000016
87,62,588,0,0,25053.699999999997
87,63,879,0,0,38488.5
87,64,2243,0,0,101783.1
87,65,1204,0,0,52213.9
87,66,151,0,0,6199.7
87,68,2,0,0,0
87,69,7,0,0,0
87,70,32,0,0,1495.3
87,71,24,0,0,844.8
87,74,8,0,0,0
87,75,69,0,0,3160.8
87,76,97,0,0,4384.7
87,77,12,0,0,374.4
87,78,32,0,0,790.4000000000001
87,79,11,0,0,479.6
87,80,12,0,0,117
87,81,137,0,0,5062.6
87,82,27,0,0,478.2
87,83,8,0,0,317
87,84,27,0,0,901
87,86,2,0,0,0
87,89,8,0,0,0
87,90,187,0,0,8055.6
87,91,38,0,0,1691.1999999999998
87,92,7,0,0,280.7
87,93,13,0,0,384
87,94,23,0,0,806
87,95,3,0,0,0
87,100,6,0,0,292.8
87,104,2,0,0,0
87,105,12,0,0,446.4
87,108,65,0,0,2409.8
87,109,26,0,0,647.8
87,110,191,0,0,8249.5
87,111,2,0,0,0
87,116,11,0,0,284
87,117,2,0,0,0
87,123,1,0,0,0
87,124,11,0,0,305.9
87,126,436,0,0,18762
87,127,1453,0,0,61671.799999999996
88,48,1,0,0,0
88,49,1280,0,0,55341.3
88,50,979,0,0,40770
88,51,138,0,0,5274.400000000001
88,52,117,0,0,4313.1
88,53,62,0,0,2113
88,54,26,0,0,800.9
88,55,9,0,0,0
88,56,149,0,0,6193.5
88,57,356,0,0,14493.100000000002
88,59,4,0,0,0
88,60,264,0,0,11423.6
88,61,228,0,0,9067.800000000001
88,62,228,0,0,9904.7
88,63,75,0,0,3129.5
88,64,140,0,0,6208.3
88,65,388,0,0,17270.399999999998
88,66,167,0,0,7748.099999999999
88,69,20,0,0,878.4
88,70,10,0,0,468
88,74,3,0,0,0
88,75,68,0,0,2865.2
88,76,239,0,0,10368
88,77,1,0,0,0
88,78,155,0,0,6179.5
88,81,11,0,0,212.1
88,82,115,0,0,4527.6
88,83,40,0,0,1549
88,84,10,0,0,494
88,85,42,0,0,1362.5
88,86,25,0,0,475.5
88,87,112,0,0,4542.200000000001
88,88,92,0,0,3163.4
88,89,34,0,0,1369
88,90,1,0,0,0
88,91,1,0,0,0
88,92,260,0,0,10740.2
88,93,183,0,0,7356
88,94,5,0,0,0
88,95,1,0,0,0
88,99,54,0,0,2522
88,100,5,0,0,198
88,102,7,0,0,261
88,109,17,0,0,635.7
88,110,48,0,0,1717.8
88,111,4,0,0,0
88,115,76,0,0,3369.5
88,116,11,0,0,549
88,124,57,0,0,1497
88,125,5,0,0,225
88,126,267,0,0,10588
89,49,31,0,0,1189.9
89,50,124,0,0,5057.6
89,51,54,0,0,1608.6999999999998
89,52,59,0,0,2326.2
89,53,114,0,0,4275.599999999999
89,54,54,0,0,1378.3999999999999
89,55,11,0,0,322.8
89,56,6,0,0,0
89,57,141,0,0,5897.499999999999
89,58,18,0,0,808
89,59,22,0,0,668
89,60,36,0,0,1513
89,62,4,0,0,0
89,63,67,0,0,2562.9
89,64,4,0,0,0
89,65,310,0,0,14597.399999999998
89,66,4,0,0,0
89,70,21,0,0,1206
89,75,9,0,0,250.2
89,76,9,0,0,0
89,77,61,0,0,2587.9
89,78,6,0,0,0
89,79,1,0,0,0
89,80,3,0,0,0
89,81,26,0,0,900.9000000000001
89,82,359,0,0,14494.099999999999
89,83,51,0,0,1900.7
89,84,65,0,0,2625.6
89,92,31,0,0,1589.9
89,96,4,0,0,0
89,97,31,0,0,949.5
89,109,9,0,0,286
89,111,2,0,0,0
89,126,9,0,0,510.3
90,50,114,0,0,5094.3
90,51,157,0,0,5392.2
90,52,139,0,0,5919.5
90,53,345,0,0,15597.1
90,54,65,0,0,2738.1
90,55,44,0,0,1931.2
90,56,1,0,0,0
90,57,82,0,0,3060.2999999999993
90,58,92,0,0,4447.400000000001
90,59,21,0,0,539.8
90,60,6,0,0,0
90,61,7,0,0,0
90,62,1,0,0,0
90,63,30,0,0,981.2
90,64,47,0,0,1781.2
90,65,104,0,0,4060.7000000000003
90,66,26,0,0,522.2
90,67,21,0,0,728
90,68,4,0,0,0
90,69,5,0,0,0
90,70,36,0,0,1564.2
90,74,39,0,0,1737.9
90,78,82,0,0,3845.4
90,79,697,0,0,24621.3
90,80,1995,0,0,90675.6
90,81,143,0,0,4578.299999999999
90,83,30,0,0,1015
90,84,31,0,0,752.2
90,85,9,0,0,402.3
90,92,28,0,0,1058
90,97,7,0,0,319.8
90,125,18,0,0,565.8
91,51,4,0,0,0
91,52,5,0,0,0
91,53,76,0,0,2297.1000000000004
91,54,18,0,0,535.1
91,55,16,0,0,404
91,56,48,0,0,1675
91,57,1,0,0,0
91,58,11,0,0,140
91,59,34,0,0,964.0999999999999
91,60,218,0,0,10452.699999999999
91,61,18,0,0,285
91,62,3,0,0,0
91,63,3,0,0,0
91,64,11,0,0,399
91,65,34,0,0,1401.6
91,66,91,0,0,3540.8
91,67,6,0,0,241.2
91,76,1,0,0,0
91,77,8,0,0,436
91,78,339,0,0,13664.1
91,79,198,0,0,8026.799999999999
91,81,46,0,0,1681.2
91,82,3,0,0,0
91,83,14,0,0,425
91,84,5,0,0,275
91,85,2,0,0,0
91,86,3,0,0,0
91,99,7,0,0,417.2
92,52,4,0,0,0
92,53,2,0,0,0
92,55,5,0,0,83
92,56,15,0,0,414.9
92,57,10,0,0,469.7
92,58,6,0,0,0
92,59,10,0,0,267
92,60,18,0,0,373.2
92,61,3,0,0,0
92,62,6,0,0,290
92,63,1,0,0,0
92,64,12,0,0,268
92,65,4,0,0,0
92,66,11,0,0,386.4
92,74,17,0,0,537
92,75,2,0,0,0
92,76,13,0,0,270.9
92,77,86,0,0,2950.7
92,78,13,0,0,320.8
92,79,65,0,0,2517.9
92,80,1,0,0,0
92,82,7,0,0,356.3
92,83,2,0,0,0
93,59,12,0,0,559.1
93,60,11,0,0,481.8
93,61,10,0,0,504
93,62,24,0,0,1094.4
93,63,2,0,0,0
93,74,19,0,0,757.9
93,75,39,0,0,1780.8
93,76,77,0,0,2899.7
93,77,38,0,0,1495.5
93,78,284,0,0,11573.4
93,79,6,0,0,148
93,80,14,0,0,604.2
93,83,29,0,0,977.6
93,84,35,0,0,1773.3000000000002
93,85,25,0,0,570.6
94,74,61,0,0,2426.7
94,77,9,0,0,289.8
94,78,58,0,0,2737.5
94,79,9,0,0,0
94,80,1,0,0,0
94,81,16,0,0,658.5
94,82,15,0,0,548.4
94,83,6,0,0,0
95,76,18,0,0,984.3
95,78,6,0,0,373.2
95,81,230,0,0,10449.000000000002
96,78,29,0,0,1047.2
96,79,6,0,0,148